1, 2
2, 3
3, 2
4, 4
6, 3
7, 2
8, 3
9, 3
10, 2
12, 3
13, 3
14, 2
15, 4
16, 3
17, 3
18, 3
19, 2
20, 2
21, 3
22, 2
23, 3
24, 2
25, 2
26, 2
27, 3
28, 3
29, 2
30, 2
31, 4
32, 3
33, 3
34, 3
35, 2
36, 3
37, 2
38, 1
39, 3
40, 4
41, 4
42, 2
43, 3
44, 2
45, 2
46, 3
47, 3
48, 2
49, 0
50, 2
51, 0
52, 3
53, 0
54, 0
55, 2
56, 2
57, 3
58, 3
59, 2
60, 2
61, 3
62, 0
63, 4
64, 3
65, 2
66, 2
67, 2
68, 2
69, 3
70, 3
71, 3
72, 3
73, 3
74, 3
75, 2
78, 3
80, 0
82, 3
83, 2
84, 3
85, 3
86, 3
87, 3
88, 3
89, 3
90, 2
92, 2
93, 2
94, 3
95, 3
96, 2
97, 2
98, 3
99, 3
100, 4
101, 3
102, 3
104, 3
105, 2
106, 2
107, 2
108, 4
109, 3
110, 3
111, 3
113, 3
114, 4
115, 4
117, 4
118, 3
119, 4
120, 4
121, 3
122, 3
124, 4
125, 2
126, 3
127, 2
128, 3
129, 2
130, 2
131, 3
132, 2
133, 3
134, 3
136, 4
137, 2
138, 4
139, 0
140, 2
141, 2
142, 2
143, 2
144, 3
145, 3
146, 3
147, 4
148, 2
149, 3
150, 2
151, 3
152, 2
153, 2
154, 3
155, 2
156, 3
157, 2
158, 3
159, 4
160, 3
161, 4
162, 3
163, 3
165, 2
166, 3
169, 4
170, 3
171, 2
172, 3
173, 3
174, 3
175, 4
176, 3
177, 2
179, 3
180, 3
181, 2
182, 2
183, 2
184, 4
185, 2
186, 3
187, 4
188, 4
190, 3
191, 2
192, 3
194, 2
195, 2
196, 3
197, 4
200, 0
201, 3
202, 0
203, 4
204, 4
205, 3
206, 0
207, 0
208, 3
209, 0
210, 1
211, 0
212, 4
213, 2
215, 4
216, 0
217, 0
218, 4
220, 2
221, 3
222, 2
223, 3
224, 0
225, 0
226, 2
227, 3
228, 3
229, 2
231, 2
232, 2
233, 2
234, 3
235, 0
236, 3
237, 2
238, 2
239, 2
240, 2
241, 0
244, 3
246, 3
247, 3
248, 4
249, 2
250, 3
251, 3
252, 0
253, 3
254, 3
255, 3
256, 3
257, 3
258, 4
259, 3
260, 3
261, 1
262, 2
263, 3
264, 3
265, 2
266, 4
267, 2
268, 2
269, 4
270, 3
271, 2
273, 3
274, 2
275, 2
276, 2
277, 2
278, 4
279, 1
280, 2
283, 2
285, 2
286, 2
287, 2
289, 3
290, 2
291, 2
292, 3
293, 2
294, 2
295, 3
296, 2
297, 3
298, 3
299, 2
301, 2
302, 3
303, 4
304, 3
305, 4
306, 3
307, 2
308, 3
309, 4
310, 3
311, 2
312, 2
314, 3
315, 2
316, 2
317, 2
318, 2
319, 3
320, 3
321, 2
322, 2
323, 3
324, 3
325, 3
327, 4
328, 3
329, 2
330, 2
331, 2
332, 3
333, 3
334, 2
335, 3
336, 2
337, 3
338, 3
339, 3
340, 2
341, 2
342, 4
343, 3
344, 3
345, 2
346, 3
347, 3
348, 2
349, 0
350, 2
351, 3
353, 3
354, 4
355, 3
356, 3
357, 3
358, 3
360, 3
361, 4
362, 3
363, 4
365, 3
366, 4
367, 3
368, 3
369, 4
370, 3
371, 2
372, 2
373, 2
374, 3
375, 3
376, 2
377, 3
378, 2
379, 0
380, 3
381, 3
382, 2
383, 2
384, 3
385, 0
387, 3
388, 4
389, 3
390, 3
391, 2
392, 3
393, 3
394, 0
395, 3
396, 2
397, 3
398, 0
400, 3
401, 3
402, 2
403, 0
404, 2
405, 3
406, 2
407, 0
409, 2
411, 2
413, 3
414, 0
415, 2
416, 2
417, 2
418, 4
419, 2
420, 2
421, 2
422, 2
423, 2
424, 3
425, 4
426, 3
427, 2
428, 4
429, 4
430, 2
431, 2
432, 3
433, 2
434, 2
435, 2
436, 3
437, 3
438, 3
439, 4
440, 3
441, 0
442, 2
443, 3
445, 3
446, 2
447, 2
448, 4
449, 2
450, 2
451, 2
452, 2
453, 2
454, 2
455, 0
456, 2
458, 3
459, 2
460, 4
461, 3
462, 3
463, 4
464, 4
465, 3
466, 4
467, 2
468, 2
469, 4
470, 4
471, 4
473, 3
474, 3
475, 4
476, 2
477, 2
478, 2
479, 0
480, 3
481, 2
482, 2
483, 2
484, 4
485, 3
486, 2
487, 3
488, 2
489, 3
490, 3
491, 2
492, 3
493, 3
494, 2
495, 2
496, 2
497, 2
498, 3
499, 3
500, 2
501, 4
502, 3
503, 2
504, 2
505, 2
506, 3
507, 3
508, 3
509, 4
510, 4
511, 2
512, 2
513, 3
514, 2
515, 2
517, 2
518, 3
519, 2
520, 2
521, 3
522, 3
523, 2
525, 2
526, 2
527, 2
528, 3
529, 4
530, 2
531, 2
532, 2
533, 4
534, 2
535, 2
536, 2
537, 0
538, 3
539, 4
540, 4
541, 4
542, 3
543, 4
544, 2
545, 0
546, 4
547, 2
548, 4
550, 2
551, 2
552, 3
553, 3
554, 4
555, 2
556, 2
557, 2
558, 3
559, 2
561, 2
563, 3
564, 4
565, 2
566, 4
567, 3
568, 2
569, 2
570, 2
571, 3
572, 3
573, 3
574, 2
575, 4
576, 2
577, 2
579, 3
580, 3
581, 3
582, 3
583, 2
585, 2
586, 3
587, 4
588, 3
589, 2
590, 3
591, 4
592, 2
593, 2
594, 4
595, 4
596, 3
597, 2
598, 4
599, 0
600, 0
601, 2
602, 0
603, 0
604, 2
605, 4
606, 4
607, 3
608, 2
609, 3
610, 0
611, 4
612, 3
613, 0
614, 3
615, 4
616, 0
617, 0
618, 3
619, 3
620, 2
622, 3
623, 3
624, 0
625, 3
626, 2
627, 3
628, 3
629, 3
630, 2
631, 3
632, 2
634, 2
635, 3
636, 3
638, 3
639, 3
640, 3
641, 3
642, 4
643, 2
644, 3
645, 2
646, 3
647, 4
648, 2
649, 2
650, 3
651, 3
652, 4
653, 4
654, 3
655, 2
656, 3
657, 4
658, 2
659, 3
660, 3
662, 3
663, 2
664, 3
665, 3
666, 4
667, 3
668, 3
670, 2
671, 3
672, 2
673, 0
674, 2
675, 3
676, 3
677, 2
679, 3
680, 3
681, 4
682, 2
683, 2
684, 2
685, 3
686, 3
687, 2
688, 2
689, 3
690, 3
691, 2
692, 3
693, 3
694, 2
695, 3
697, 4
698, 4
702, 3
703, 2
704, 2
705, 3
706, 2
707, 3
708, 4
709, 3
710, 3
711, 2
712, 2
713, 2
717, 3
719, 2
720, 4
721, 2
722, 3
723, 3
724, 2
725, 4
727, 3
728, 3
729, 2
730, 2
731, 2
732, 2
733, 1
734, 2
735, 3
736, 3
737, 3
741, 3
742, 2
743, 3
744, 2
745, 2
748, 2
749, 2
750, 3
751, 2
752, 3
753, 4
754, 3
755, 3
756, 2
757, 2
759, 3
760, 2
761, 3
762, 1
763, 3
764, 3
765, 3
766, 2
767, 2
768, 2
769, 2
770, 3
771, 2
772, 3
773, 3
774, 4
775, 2
776, 3
777, 3
778, 0
779, 2
780, 3
781, 2
782, 4
783, 4
784, 4
785, 3
786, 2
787, 2
788, 3
789, 2
790, 3
792, 2
793, 2
794, 2
795, 2
796, 2
797, 3
798, 2
799, 4
800, 2
801, 2
802, 4
803, 2
804, 4
805, 3
806, 3
807, 3
808, 2
809, 3
810, 3
811, 2
812, 4
813, 3
814, 3
815, 4
816, 2
817, 2
818, 2
819, 2
820, 2
821, 4
822, 2
823, 3
824, 2
825, 3
826, 3
827, 3
828, 0
829, 3
830, 0
831, 3
832, 3
833, 2
834, 3
835, 2
836, 2
837, 3
838, 3
839, 2
840, 2
841, 2
842, 2
843, 3
844, 4
845, 4
846, 2
847, 2
848, 3
849, 4
850, 3
851, 2
852, 2
853, 2
854, 3
855, 3
856, 3
857, 4
858, 4
859, 3
860, 2
861, 4
862, 2
865, 2
866, 2
867, 2
868, 2
869, 4
870, 4
871, 3
872, 4
873, 3
874, 4
875, 2
876, 2
877, 4
878, 1
879, 3
880, 2
881, 3
882, 3
883, 3
884, 3
885, 2
886, 3
887, 2
889, 3
890, 3
891, 4
892, 3
893, 4
895, 2
896, 3
897, 4
898, 3
899, 2
900, 3
901, 4
902, 3
903, 2
904, 4
905, 3
906, 2
907, 2
908, 3
909, 3
910, 2
911, 3
912, 2
913, 2
914, 3
915, 3
916, 3
917, 3
918, 2
919, 3
920, 3
921, 2
922, 2
923, 3
924, 3
925, 2
926, 3
927, 3
928, 3
929, 1
930, 3
931, 3
932, 2
934, 2
935, 3
936, 3
937, 3
939, 3
940, 3
941, 2
942, 4
943, 4
944, 2
945, 4
946, 2
947, 3
948, 2
949, 2
950, 2
951, 2
952, 2
953, 3
956, 4
957, 4
958, 2
959, 2
960, 3
961, 4
962, 3
963, 3
964, 4
966, 2
967, 2
968, 3
969, 3
970, 2
971, 3
972, 2
973, 4
975, 3
976, 2
978, 4
979, 2
981, 3
983, 2
984, 4
985, 2
986, 4
987, 1
988, 2
989, 3
990, 2
991, 4
992, 4
993, 3
994, 2
995, 3
996, 2
997, 2
998, 3
999, 3
1000, 2
1001, 4
1002, 3
1003, 2
1004, 3
1005, 4
1006, 2
1007, 0
1008, 0
1009, 3
1010, 4
1012, 4
1013, 2
1014, 0
1015, 2
1016, 3
1017, 3
1018, 3
1019, 3
1020, 3
1021, 2
1022, 2
1023, 2
1024, 3
1025, 2
1026, 3
1028, 2
1029, 2
1030, 2
1031, 3
1032, 3
1033, 3
1034, 2
1035, 3
1039, 3
1040, 3
1041, 3
1042, 3
1044, 3
1045, 3
1046, 3
1047, 2
1048, 3
1049, 2
1050, 2
1051, 3
1052, 2
1053, 2
1054, 2
1055, 3
1056, 3
1057, 2
1058, 3
1059, 3
1060, 2
1061, 2
1062, 3
1063, 3
1064, 3
1065, 2
1069, 2
1070, 3
1071, 3
1072, 3
1073, 3
1077, 4
1078, 3
1079, 3
1080, 2
1081, 3
1082, 3
1083, 1
1084, 3
1085, 2
1086, 3
1087, 2
1088, 2
1089, 3
1090, 2
1091, 3
1092, 3
1093, 3
1094, 3
1095, 3
1096, 3
1098, 3
1099, 2
1100, 3
1101, 3
1102, 3
1103, 3
1104, 3
1105, 3
1106, 3
1107, 3
1108, 3
1109, 3
1110, 3
1111, 3
1112, 2
1113, 3
1114, 3
1115, 2
1116, 3
1117, 3
1118, 3
1120, 2
1121, 3
1122, 2
1123, 3
1125, 2
1126, 3
1127, 3
1128, 3
1129, 3
1130, 3
1131, 3
1132, 3
1133, 3
1134, 2
1135, 3
1136, 3
1137, 3
1138, 3
1139, 3
1140, 3
1141, 3
1142, 3
1143, 3
1144, 3
1145, 2
1146, 3
1147, 3
1148, 3
1152, 3
1155, 3
1157, 3
1159, 3
1161, 3
1162, 3
1164, 3
1165, 3
1170, 3
1171, 3
1172, 2
1173, 3
1174, 3
1175, 3
1177, 3
1178, 2
1180, 3
1184, 3
1186, 3
1190, 3
1192, 2
1194, 3
1197, 3
1198, 3
1199, 3
1200, 3
1201, 3
1204, 3
1205, 2
1206, 2
1209, 3
1210, 3
1211, 2
1214, 2
1215, 2
1217, 3
1220, 3
1221, 3
1222, 3
1223, 3
1224, 3
1225, 3
1226, 3
1228, 3
1234, 3
1236, 3
1237, 2
1239, 3
1240, 3
1242, 3
1243, 3
1244, 3
1245, 3
1246, 3
1247, 2
1248, 3
1250, 3
1251, 3
1252, 3
1253, 3
1254, 3
1255, 3
1256, 3
1257, 3
1258, 3
1260, 3
1262, 3
1263, 3
1266, 4
1267, 3
1268, 3
1271, 2
1273, 3
1275, 3
1276, 3
1278, 3
1282, 3
1286, 3
1289, 3
1290, 3
1291, 2
1292, 2
1293, 3
1294, 2
1296, 3
1297, 3
1298, 3
1299, 2
1300, 3
1301, 2
1302, 2
1303, 3
1304, 3
1306, 2
1307, 3
1308, 3
1309, 3
1310, 3
1311, 3
1312, 3
1313, 3
1314, 3
1315, 3
1316, 2
1317, 3
1318, 2
1319, 3
1320, 3
1321, 2
1323, 2
1324, 2
1325, 3
1327, 3
1328, 2
1329, 3
1330, 3
1331, 3
1332, 3
1334, 3
1335, 3
1336, 3
1337, 3
1338, 3
1339, 3
1341, 2
1344, 3
1345, 3
1346, 3
1347, 3
1348, 3
1349, 3
1350, 3
1351, 3
1352, 2
1353, 3
1354, 3
1355, 3
1356, 3
1357, 3
1358, 2
1359, 3
1360, 2
1361, 3
1362, 3
1363, 2
1364, 3
1365, 3
1366, 3
1367, 3
1368, 3
1369, 3
1370, 3
1371, 2
1372, 3
1373, 3
1374, 3
1375, 3
1376, 3
1377, 3
1378, 2
1379, 3
1380, 2
1381, 3
1382, 3
1383, 3
1384, 3
1385, 3
1386, 3
1387, 2
1388, 3
1389, 3
1391, 3
1394, 3
1395, 3
1397, 3
1399, 3
1400, 3
1403, 3
1404, 2
1405, 3
1406, 3
1408, 3
1409, 3
1411, 2
1412, 3
1413, 3
1414, 3
1415, 3
1416, 3
1417, 3
1419, 3
1420, 3
1421, 3
1422, 2
1423, 3
1424, 3
1425, 3
1426, 3
1427, 3
1428, 3
1430, 3
1432, 3
1433, 3
1434, 3
1435, 3
1436, 3
1437, 3
1438, 3
1439, 2
1440, 3
1441, 3
1442, 2
1443, 2
1444, 3
1445, 2
1446, 3
1449, 3
1450, 3
1451, 2
1452, 2
1453, 2
1454, 3
1455, 2
1456, 3
1457, 3
1458, 3
1463, 3
1464, 2
1465, 3
1467, 3
1468, 3
1470, 3
1471, 2
1472, 3
1473, 3
1475, 3
1476, 2
1477, 3
1480, 3
1481, 3
1482, 3
1483, 2
1484, 3
1485, 3
1486, 3
1487, 3
1488, 3
1490, 2
1491, 3
1492, 3
1494, 2
1495, 3
1496, 3
1497, 3
1498, 3
1499, 3
1500, 3
1501, 3
1502, 3
1503, 3
1504, 3
1505, 3
1506, 2
1507, 3
1508, 2
1509, 2
1510, 2
1511, 3
1512, 3
1514, 3
1515, 3
1516, 3
1517, 3
1519, 3
1520, 2
1522, 3
1532, 3
1551, 3
1552, 2
1553, 3
1555, 3
1557, 3
1558, 3
1563, 2
1564, 4
1565, 4
1566, 2
1567, 2
1568, 3
1569, 4
1570, 2
1571, 2
1573, 2
1574, 2
1575, 3
1576, 2
1577, 2
1578, 2
1579, 3
1580, 2
1581, 3
1582, 4
1583, 2
1584, 4
1585, 3
1586, 2
1587, 2
1588, 2
1589, 4
1590, 2
1591, 2
1592, 3
1593, 2
1594, 4
1595, 3
1596, 2
1597, 3
1598, 4
1599, 0
1600, 3
1601, 4
1602, 2
1603, 2
1604, 3
1605, 0
1606, 2
1607, 0
1608, 4
1609, 2
1610, 4
1611, 0
1612, 2
1613, 0
1614, 3
1615, 2
1616, 3
1617, 0
1618, 3
1619, 2
1620, 3
1621, 3
1622, 2
1623, 3
1624, 2
1625, 2
1626, 3
1627, 4
1628, 2
1629, 2
1630, 2
1631, 0
1632, 3
1633, 2
1634, 2
1635, 4
1636, 3
1637, 0
1638, 0
1639, 2
1640, 2
1641, 4
1642, 3
1643, 2
1644, 3
1645, 4
1646, 0
1647, 4
1648, 3
1649, 2
1650, 4
1651, 2
1652, 2
1653, 3
1654, 3
1655, 2
1656, 4
1657, 2
1658, 2
1659, 2
1660, 3
1661, 2
1662, 2
1663, 2
1664, 4
1665, 3
1666, 2
1667, 2
1668, 2
1669, 3
1670, 4
1671, 4
1672, 4
1673, 2
1674, 4
1675, 2
1676, 4
1677, 2
1678, 3
1679, 1
1680, 3
1681, 0
1682, 4
1683, 3
1684, 3
1685, 2
1686, 4
1687, 4
1688, 1
1689, 4
1690, 3
1691, 2
1692, 2
1693, 2
1694, 1
1695, 3
1696, 0
1697, 2
1698, 4
1699, 3
1700, 2
1701, 4
1702, 2
1703, 2
1704, 3
1705, 2
1706, 2
1707, 2
1708, 4
1709, 3
1710, 3
1711, 2
1712, 2
1713, 4
1714, 2
1715, 1
1716, 2
1717, 3
1718, 2
1719, 2
1720, 3
1721, 2
1722, 2
1723, 3
1724, 2
1725, 0
1726, 2
1727, 3
1728, 2
1729, 3
1730, 3
1731, 3
1732, 4
1733, 4
1734, 0
1735, 0
1736, 3
1737, 4
1738, 3
1739, 4
1740, 2
1741, 2
1742, 3
1743, 2
1744, 3
1745, 0
1746, 2
1748, 2
1749, 0
1750, 2
1751, 3
1752, 2
1753, 2
1754, 1
1755, 3
1756, 2
1757, 0
1758, 3
1759, 3
1760, 2
1761, 3
1762, 3
1763, 0
1764, 2
1765, 0
1766, 0
1767, 4
1768, 3
1769, 2
1770, 3
1771, 0
1772, 0
1773, 2
1774, 2
1775, 0
1776, 2
1777, 2
1778, 2
1779, 2
1780, 4
1781, 4
1782, 3
1783, 4
1784, 3
1785, 0
1786, 3
1787, 4
1788, 2
1789, 2
1790, 2
1791, 4
1792, 3
1793, 3
1794, 2
1795, 0
1796, 2
1797, 4
1798, 2
1799, 4
1800, 0
1801, 0
1802, 3
1803, 0
1804, 2
1805, 0
1806, 2
1807, 0
1809, 2
1810, 4
1811, 4
1812, 2
1813, 0
1814, 2
1815, 3
1816, 2
1817, 2
1818, 3
1819, 4
1820, 2
1821, 4
1822, 4
1823, 4
1824, 4
1825, 3
1826, 3
1827, 3
1828, 2
1829, 2
1830, 3
1831, 3
1832, 4
1833, 3
1834, 4
1835, 2
1836, 2
1837, 3
1838, 2
1839, 2
1840, 4
1841, 2
1842, 2
1843, 3
1844, 2
1845, 0
1846, 2
1847, 2
1848, 3
1849, 4
1850, 1
1851, 4
1852, 4
1853, 2
1854, 3
1855, 3
1856, 3
1857, 2
1858, 2
1859, 2
1860, 3
1861, 2
1862, 2
1863, 4
1864, 3
1865, 4
1866, 0
1867, 2
1868, 3
1869, 3
1870, 2
1871, 0
1872, 0
1873, 2
1874, 2
1875, 4
1876, 3
1877, 0
1878, 3
1879, 0
1880, 2
1881, 4
1882, 3
1883, 0
1884, 2
1885, 3
1886, 4
1887, 2
1888, 2
1889, 2
1890, 4
1891, 3
1893, 2
1894, 3
1895, 3
1896, 2
1897, 2
1898, 1
1899, 4
1900, 4
1901, 2
1902, 4
1903, 3
1904, 0
1905, 3
1906, 3
1907, 2
1908, 3
1909, 3
1910, 2
1911, 3
1912, 2
1913, 3
1914, 3
1915, 4
1916, 2
1917, 4
1918, 3
1919, 2
1920, 2
1921, 3
1922, 4
1923, 2
1924, 3
1925, 3
1927, 2
1929, 2
1930, 2
1931, 3
1932, 3
1933, 2
1934, 3
1935, 4
1936, 2
1937, 3
1938, 2
1939, 4
1940, 3
1941, 3
1942, 2
1943, 4
1944, 2
1945, 4
1946, 3
1947, 2
1948, 0
1949, 2
1950, 3
1951, 3
1952, 2
1953, 4
1954, 2
1955, 2
1956, 2
1957, 4
1958, 2
1959, 4
1960, 0
1961, 2
1962, 2
1963, 3
1964, 3
1965, 2
1966, 2
1967, 2
1968, 2
1969, 2
1970, 4
1971, 4
1972, 4
1973, 4
1974, 4
1976, 2
1977, 0
1978, 4
1979, 4
1980, 4
1981, 4
1982, 4
1983, 0
1984, 4
1985, 4
1986, 4
1987, 1
1988, 4
1989, 3
1990, 3
1991, 3
1992, 4
1993, 4
1994, 0
1995, 2
1996, 0
1997, 3
1998, 3
1999, 2
2000, 3
2001, 2
2002, 3
2003, 2
2004, 4
2005, 4
2006, 3
2007, 2
2008, 4
2009, 2
2010, 2
2011, 2
2012, 3
2013, 0
2014, 2
2015, 3
2016, 4
2017, 2
2018, 2
2019, 2
2020, 4
2021, 3
2022, 4
2023, 3
2024, 3
2025, 2
2026, 2
2027, 2
2028, 4
2029, 2
2030, 3
2031, 2
2032, 4
2033, 0
2034, 0
2035, 2
2036, 2
2037, 0
2038, 3
2039, 3
2040, 2
2041, 2
2042, 2
2043, 2
2044, 3
2045, 4
2046, 4
2047, 3
2048, 2
2049, 3
2050, 3
2051, 2
2052, 3
2053, 3
2054, 3
2055, 2
2056, 3
2057, 2
2058, 2
2059, 3
2060, 2
2061, 2
2062, 0
2063, 0
2064, 3
2065, 0
2066, 4
2067, 4
2068, 4
2069, 4
2070, 4
2071, 2
2072, 2
2073, 4
2074, 4
2075, 3
2076, 4
2077, 3
2078, 4
2079, 4
2080, 4
2081, 2
2082, 4
2083, 3
2084, 3
2085, 2
2086, 2
2087, 2
2088, 4
2089, 2
2090, 2
2091, 3
2092, 3
2093, 3
2094, 4
2095, 2
2097, 2
2098, 3
2099, 2
2100, 3
2101, 3
2102, 4
2103, 2
2104, 2
2105, 2
2106, 4
2107, 2
2108, 4
2109, 2
2110, 3
2111, 4
2112, 3
2113, 3
2114, 2
2115, 4
2116, 4
2117, 4
2118, 2
2119, 3
2120, 4
2122, 0
2123, 3
2124, 2
2125, 3
2126, 3
2127, 2
2128, 4
2129, 2
2130, 2
2131, 2
2132, 2
2133, 4
2134, 3
2135, 3
2136, 3
2137, 3
2138, 3
2139, 2
2140, 2
2141, 0
2142, 4
2143, 3
2144, 0
2145, 4
2146, 3
2147, 4
2148, 4
2149, 0
2150, 2
2151, 4
2152, 4
2153, 4
2154, 4
2155, 4
2156, 4
2157, 2
2158, 3
2159, 2
2160, 2
2161, 2
2162, 2
2163, 3
2164, 3
2165, 4
2166, 2
2167, 2
2168, 2
2169, 2
2170, 2
2171, 4
2172, 4
2173, 4
2174, 4
2175, 3
2176, 4
2177, 2
2178, 3
2179, 3
2180, 2
2181, 2
2182, 4
2183, 3
2184, 0
2185, 0
2186, 0
2188, 3
2189, 3
2191, 3
2192, 4
2193, 4
2194, 3
2195, 3
2196, 4
2197, 2
2198, 3
2199, 2
2200, 2
2201, 3
2202, 3
2203, 4
2204, 4
2205, 3
2206, 2
2207, 2
2208, 0
2209, 2
2210, 2
2211, 0
2212, 2
2214, 0
2215, 2
2216, 3
2217, 4
2218, 2
2219, 4
2220, 3
2221, 0
2222, 2
2223, 3
2224, 4
2225, 3
2226, 0
2227, 2
2228, 2
2229, 2
2230, 4
2231, 3
2232, 2
2233, 2
2234, 2
2235, 3
2236, 4
2237, 4
2238, 4
2239, 2
2240, 2
2241, 2
2242, 4
2243, 2
2244, 2
2245, 2
2246, 2
2247, 3
2248, 2
2249, 4
2250, 0
2251, 4
2252, 2
2253, 3
2254, 3
2255, 2
2256, 2
2257, 4
2258, 3
2259, 4
2260, 4
2261, 2
2262, 4
2263, 0
2264, 4
2265, 4
2266, 1
2267, 2
2268, 4
2269, 0
2270, 2
2271, 4
2272, 3
2273, 3
2274, 3
2275, 2
2276, 3
2277, 2
2278, 3
2279, 3
2280, 3
2281, 2
2282, 4
2283, 3
2284, 0
2285, 3
2286, 2
2287, 1
2289, 2
2290, 2
2291, 3
2292, 4
2293, 2
2294, 4
2295, 2
2296, 4
2297, 3
2298, 4
2299, 3
2300, 4
2301, 2
2302, 4
2303, 3
2304, 2
2305, 4
2306, 4
2307, 2
2308, 2
2310, 4
2311, 2
2312, 0
2313, 2
2314, 0
2315, 4
2316, 4
2317, 2
2318, 2
2319, 4
2320, 4
2321, 2
2322, 2
2323, 2
2324, 3
2325, 4
2326, 4
2327, 4
2328, 2
2329, 3
2330, 0
2332, 4
2333, 2
2334, 3
2335, 4
2336, 4
2337, 3
2338, 3
2339, 4
2340, 2
2341, 2
2342, 4
2343, 4
2344, 4
2345, 4
2346, 4
2347, 2
2348, 0
2349, 2
2350, 2
2351, 3
2352, 1
2353, 3
2354, 2
2355, 3
2356, 3
2357, 2
2358, 2
2359, 2
2360, 2
2361, 2
2362, 3
2363, 3
2364, 2
2365, 2
2366, 3
2367, 3
2368, 3
2369, 3
2370, 3
2371, 4
2372, 2
2373, 4
2374, 2
2375, 3
2376, 2
2378, 2
2379, 4
2380, 3
2381, 3
2382, 3
2383, 3
2384, 2
2385, 2
2386, 3
2387, 3
2388, 3
2390, 3
2391, 2
2392, 3
2393, 3
2394, 3
2395, 3
2396, 2
2397, 3
2398, 3
2399, 2
2400, 3
2401, 3
2402, 3
2403, 3
2404, 3
2405, 3
2406, 2
2407, 3
2408, 3
2409, 3
2411, 3
2412, 2
2413, 3
2414, 3
2415, 3
2416, 2
2417, 2
2418, 3
2419, 3
2420, 3
2421, 3
2422, 3
2423, 3
2424, 3
2425, 3
2426, 3
2427, 3
2428, 3
2430, 3
2431, 2
2433, 3
2434, 3
2435, 3
2436, 3
2437, 2
2438, 2
2439, 2
2440, 2
2441, 3
2442, 3
2443, 3
2444, 3
2445, 2
2446, 2
2447, 3
2448, 2
2449, 3
2450, 3
2451, 2
2452, 3
2453, 3
2454, 2
2456, 3
2458, 2
2459, 3
2460, 2
2461, 2
2462, 2
2463, 2
2464, 3
2465, 3
2466, 3
2467, 2
2468, 2
2469, 3
2470, 3
2471, 2
2472, 3
2473, 3
2474, 2
2475, 3
2476, 2
2477, 2
2478, 2
2479, 3
2480, 2
2481, 3
2482, 3
2483, 3
2484, 3
2485, 3
2486, 3
2487, 2
2488, 3
2490, 2
2491, 2
2492, 3
2493, 3
2494, 3
2495, 3
2496, 3
2497, 3
2499, 3
2500, 3
2501, 2
2502, 2
2503, 3
2504, 3
2505, 2
2506, 3
2507, 2
2508, 3
2509, 2
2510, 3
2511, 3
2512, 3
2513, 3
2514, 2
2517, 3
2519, 3
2520, 2
2521, 3
2522, 2
2524, 3
2525, 3
2526, 2
2528, 2
2529, 2
2530, 3
2531, 4
2532, 3
2533, 3
2534, 2
2535, 2
2536, 2
2537, 2
2538, 3
2539, 3
2540, 3
2541, 3
2542, 3
2543, 3
2544, 3
2545, 3
2546, 2
2547, 3
2548, 3
2549, 3
2550, 3
2551, 2
2553, 3
2554, 3
2556, 4
2557, 3
2558, 2
2559, 2
2560, 4
2561, 4
2562, 2
2563, 3
2564, 3
2565, 3
2566, 4
2567, 3
2568, 4
2569, 4
2570, 2
2571, 2
2572, 3
2573, 4
2574, 4
2575, 4
2576, 2
2577, 2
2578, 2
2579, 4
2580, 3
2581, 3
2582, 0
2583, 3
2584, 0
2585, 3
2586, 4
2587, 0
2588, 4
2589, 4
2590, 3
2591, 4
2592, 2
2593, 3
2594, 2
2595, 3
2596, 3
2597, 2
2598, 2
2599, 3
2600, 2
2601, 4
2602, 2
2603, 3
2604, 3
2605, 3
2606, 2
2607, 4
2608, 2
2609, 4
2610, 2
2611, 3
2612, 4
2613, 4
2614, 3
2615, 4
2616, 4
2617, 2
2618, 4
2619, 4
2620, 4
2621, 4
2622, 2
2623, 2
2624, 1
2625, 4
2626, 2
2627, 2
2628, 3
2629, 2
2630, 4
2631, 3
2632, 4
2633, 2
2634, 3
2635, 2
2636, 0
2637, 0
2638, 3
2639, 3
2640, 2
2641, 3
2642, 2
2643, 2
2644, 3
2645, 2
2646, 3
2647, 3
2648, 3
2649, 0
2650, 0
2651, 2
2652, 3
2653, 1
2654, 3
2655, 2
2656, 2
2657, 3
2658, 2
2659, 2
2660, 3
2661, 3
2662, 2
2663, 2
2664, 3
2665, 4
2666, 2
2667, 4
2668, 2
2669, 2
2670, 3
2671, 3
2672, 4
2673, 4
2674, 3
2675, 3
2676, 3
2677, 4
2678, 4
2679, 3
2680, 0
2682, 3
2683, 3
2684, 3
2685, 2
2686, 3
2687, 0
2688, 3
2689, 2
2690, 2
2691, 2
2692, 3
2693, 2
2694, 4
2695, 3
2696, 0
2697, 2
2698, 0
2699, 0
2700, 2
2701, 1
2702, 2
2703, 4
2704, 4
2705, 0
2706, 3
2707, 2
2708, 2
2709, 4
2710, 0
2711, 2
2712, 2
2713, 2
2714, 4
2715, 2
2716, 2
2717, 4
2718, 4
2719, 2
2720, 3
2721, 4
2722, 0
2723, 4
2724, 0
2725, 2
2726, 2
2727, 4
2728, 2
2729, 1
2730, 2
2731, 2
2732, 2
2733, 2
2734, 2
2735, 3
2736, 2
2737, 4
2738, 2
2739, 2
2740, 2
2741, 2
2742, 2
2743, 3
2744, 2
2745, 4
2746, 1
2747, 3
2748, 4
2749, 3
2750, 3
2751, 2
2752, 2
2753, 2
2754, 3
2755, 2
2757, 2
2758, 3
2759, 3
2760, 3
2761, 2
2762, 4
2763, 4
2764, 4
2765, 2
2767, 3
2768, 4
2769, 3
2770, 2
2771, 2
2772, 4
2773, 4
2774, 2
2775, 4
2776, 3
2777, 2
2778, 4
2779, 3
2780, 2
2781, 0
2782, 2
2783, 4
2784, 2
2785, 4
2786, 4
2787, 2
2788, 4
2789, 4
2790, 3
2791, 2
2792, 2
2793, 3
2794, 3
2795, 4
2796, 4
2797, 4
2798, 3
2799, 3
2800, 3
2801, 4
2802, 2
2804, 3
2806, 3
2807, 0
2808, 2
2809, 4
2810, 3
2811, 4
2812, 2
2813, 4
2814, 2
2815, 3
2816, 4
2817, 1
2818, 2
2819, 3
2820, 2
2821, 4
2822, 3
2823, 3
2824, 4
2825, 3
2826, 4
2827, 2
2828, 4
2829, 4
2831, 2
2832, 3
2833, 2
2834, 4
2835, 3
2836, 3
2837, 2
2838, 0
2839, 3
2840, 4
2841, 4
2842, 4
2843, 3
2844, 3
2845, 3
2846, 4
2847, 4
2848, 3
2849, 4
2850, 3
2851, 2
2852, 4
2853, 3
2854, 2
2855, 2
2856, 4
2857, 1
2858, 2
2859, 4
2860, 4
2861, 1
2862, 2
2863, 2
2864, 4
2865, 4
2866, 3
2867, 4
2868, 2
2869, 0
2870, 2
2871, 0
2872, 2
2873, 2
2874, 4
2875, 4
2876, 2
2878, 3
2879, 3
2880, 4
2881, 4
2882, 2
2883, 4
2884, 2
2886, 2
2887, 2
2888, 2
2890, 0
2891, 2
2892, 3
2893, 3
2894, 2
2895, 2
2896, 2
2897, 2
2898, 2
2899, 4
2900, 3
2902, 2
2903, 4
2904, 2
2905, 2
2906, 2
2907, 4
2908, 4
2909, 0
2910, 3
2911, 4
2912, 2
2913, 0
2914, 4
2915, 2
2916, 4
2917, 4
2918, 4
2919, 2
2920, 2
2921, 4
2922, 4
2923, 2
2924, 3
2925, 4
2926, 3
2927, 4
2928, 3
2929, 4
2930, 2
2931, 4
2932, 3
2933, 2
2934, 3
2935, 3
2936, 4
2937, 4
2938, 2
2939, 4
2940, 3
2941, 4
2942, 4
2943, 3
2945, 4
2946, 4
2947, 3
2948, 4
2950, 4
2951, 2
2952, 4
2953, 4
2954, 4
2955, 4
2956, 4
2957, 4
2958, 2
2959, 4
2960, 3
2961, 4
2962, 4
2963, 2
2964, 4
2965, 4
2966, 4
2967, 2
2968, 3
2969, 3
2970, 2
2971, 2
2972, 4
2973, 2
2974, 0
2975, 3
2976, 2
2977, 2
2978, 4
2979, 3
2980, 4
2981, 0
2982, 4
2983, 3
2984, 2
2985, 4
2986, 3
2988, 0
2989, 4
2990, 3
2991, 4
2992, 4
2993, 2
2994, 2
2995, 2
2996, 4
2997, 2
2998, 2
3000, 2
3001, 0
3002, 3
3003, 2
3004, 2
3005, 3
3006, 3
3007, 3
3008, 3
3009, 2
3010, 4
3011, 0
3012, 4
3013, 0
3014, 4
3015, 2
3016, 4
3017, 3
3018, 4
3019, 4
3021, 4
3022, 2
3023, 3
3024, 4
3025, 4
3026, 2
3027, 2
3028, 4
3029, 3
3030, 2
3031, 4
3032, 4
3033, 4
3034, 4
3035, 0
3036, 2
3037, 2
3038, 4
3039, 4
3040, 1
3041, 4
3042, 4
3043, 2
3044, 2
3045, 4
3046, 3
3047, 2
3048, 4
3049, 4
3050, 4
3051, 4
3052, 4
3053, 3
3054, 3
3055, 4
3056, 2
3057, 2
3058, 3
3059, 3
3060, 4
3061, 0
3062, 3
3063, 0
3064, 3
3065, 2
3066, 4
3068, 4
3069, 3
3070, 2
3071, 4
3072, 0
3073, 2
3074, 4
3075, 4
3076, 2
3077, 4
3078, 3
3080, 3
3081, 2
3082, 3
3083, 3
3084, 2
3085, 0
3086, 2
3087, 4
3088, 2
3089, 3
3090, 4
3091, 4
3092, 4
3093, 3
3094, 2
3095, 3
3096, 1
3097, 2
3098, 3
3099, 3
3100, 4
3101, 3
3102, 0
3103, 4
3104, 3
3105, 4
3106, 0
3107, 2
3108, 2
3109, 0
3110, 2
3111, 3
3112, 3
3113, 2
3114, 4
3115, 4
3116, 2
3117, 2
3118, 3
3119, 2
3120, 2
3121, 3
3122, 4
3123, 4
3124, 4
3125, 3
3126, 4
3127, 4
3128, 2
3129, 4
3130, 2
3131, 4
3132, 3
3133, 2
3134, 2
3135, 4
3136, 4
3137, 3
3138, 2
3139, 3
3140, 3
3141, 3
3142, 3
3143, 3
3144, 2
3145, 3
3146, 3
3147, 3
3148, 3
3149, 2
3150, 2
3151, 2
3152, 2
3153, 2
3154, 4
3155, 2
3156, 3
3157, 3
3158, 4
3159, 3
3160, 3
3161, 2
3162, 3
3163, 3
3164, 3
3165, 3
3166, 3
3167, 3
3168, 2
3169, 3
3170, 2
3171, 3
3172, 3
3173, 2
3174, 2
3175, 3
3177, 3
3178, 3
3179, 3
3181, 4
3182, 3
3183, 2
3184, 2
3185, 2
3186, 2
3188, 2
3189, 3
3190, 3
3191, 3
3192, 2
3193, 3
3194, 3
3195, 3
3196, 3
3197, 3
3198, 3
3199, 3
3200, 3
3201, 4
3202, 2
3203, 2
3204, 3
3205, 2
3206, 2
3207, 2
3208, 3
3209, 3
3210, 3
3211, 3
3212, 3
3213, 2
3214, 3
3215, 3
3216, 3
3217, 3
3218, 4
3219, 2
3220, 2
3221, 3
3222, 2
3223, 3
3224, 3
3225, 3
3226, 3
3227, 2
3228, 4
3229, 2
3230, 3
3231, 3
3232, 3
3233, 2
3234, 2
3235, 3
3236, 2
3237, 2
3238, 2
3240, 3
3241, 3
3242, 3
3243, 3
3244, 2
3246, 3
3247, 2
3248, 4
3249, 2
3250, 2
3251, 4
3252, 4
3253, 0
3254, 0
3255, 3
3256, 4
3257, 2
3258, 1
3259, 2
3260, 2
3261, 4
3262, 3
3263, 2
3264, 2
3265, 3
3266, 4
3267, 3
3268, 2
3269, 3
3270, 4
3271, 2
3272, 4
3273, 0
3274, 3
3275, 3
3276, 2
3277, 2
3278, 3
3279, 4
3280, 3
3281, 2
3282, 2
3283, 3
3284, 0
3285, 3
3286, 3
3287, 2
3289, 2
3290, 1
3291, 2
3292, 0
3293, 4
3294, 4
3295, 4
3296, 2
3297, 2
3298, 4
3300, 0
3301, 3
3302, 4
3303, 2
3304, 4
3305, 1
3306, 4
3307, 2
3308, 2
3309, 2
3310, 4
3311, 3
3312, 2
3313, 2
3315, 3
3316, 4
3317, 4
3318, 3
3319, 4
3320, 3
3321, 2
3322, 2
3323, 3
3324, 3
3325, 4
3326, 0
3327, 0
3328, 4
3329, 2
3330, 0
3331, 2
3332, 2
3333, 3
3334, 0
3335, 4
3336, 2
3337, 3
3338, 4
3339, 3
3340, 3
3341, 0
3342, 4
3343, 2
3344, 4
3345, 0
3346, 4
3348, 4
3349, 4
3350, 4
3351, 2
3352, 3
3353, 2
3354, 2
3355, 4
3356, 3
3357, 3
3358, 0
3359, 4
3360, 4
3361, 1
3362, 4
3363, 4
3364, 2
3365, 4
3366, 4
3367, 3
3368, 3
3369, 3
3370, 4
3371, 3
3373, 2
3374, 3
3375, 3
3376, 0
3377, 4
3378, 1
3379, 3
3380, 0
3381, 2
3382, 2
3383, 4
3384, 1
3385, 3
3386, 2
3387, 4
3388, 2
3389, 2
3390, 4
3392, 4
3393, 4
3394, 4
3395, 1
3396, 4
3397, 4
3398, 4
3399, 2
3400, 4
3401, 4
3402, 3
3403, 0
3404, 3
3405, 3
3406, 4
3407, 4
3408, 4
3409, 0
3410, 2
3411, 2
3412, 2
3413, 0
3414, 2
3415, 0
3416, 4
3417, 4
3418, 2
3419, 4
3420, 4
3421, 4
3422, 4
3423, 4
3424, 4
3425, 4
3426, 4
3427, 4
3428, 3
3429, 2
3430, 2
3431, 4
3432, 2
3433, 4
3434, 4
3436, 4
3437, 2
3438, 3
3439, 4
3440, 4
3441, 4
3442, 2
3443, 4
3444, 1
3445, 2
3446, 2
3447, 0
3448, 4
3449, 3
3450, 2
3451, 4
3452, 2
3453, 4
3454, 4
3455, 4
3456, 2
3457, 3
3458, 4
3459, 4
3460, 0
3461, 4
3462, 4
3463, 3
3464, 3
3465, 4
3466, 4
3467, 4
3468, 2
3469, 4
3470, 4
3471, 3
3472, 4
3473, 4
3474, 4
3475, 2
3476, 2
3477, 3
3479, 1
3480, 4
3481, 2
3482, 4
3483, 2
3484, 4
3485, 2
3486, 4
3487, 4
3488, 4
3489, 4
3490, 4
3491, 0
3492, 3
3493, 4
3494, 4
3495, 3
3496, 0
3497, 4
3498, 4
3499, 4
3500, 0
3502, 3
3503, 2
3504, 3
3505, 2
3506, 4
3507, 0
3508, 3
3509, 4
3510, 3
3511, 3
3512, 2
3513, 0
3514, 4
3515, 4
3516, 3
3517, 4
3518, 4
3519, 4
3520, 4
3521, 4
3523, 0
3524, 2
3525, 1
3526, 2
3527, 2
3528, 2
3529, 4
3530, 4
3531, 2
3532, 3
3533, 0
3534, 3
3535, 4
3536, 4
3537, 0
3538, 2
3539, 2
3540, 3
3541, 4
3542, 2
3543, 2
3545, 2
3546, 4
3547, 2
3548, 3
3549, 2
3550, 4
3551, 3
3552, 2
3553, 3
3554, 2
3555, 4
3556, 2
3557, 2
3558, 4
3559, 2
3560, 4
3561, 3
3562, 2
3563, 3
3564, 3
3565, 2
3566, 2
3567, 3
3568, 2
3569, 2
3570, 4
3572, 2
3573, 3
3574, 2
3575, 4
3576, 0
3578, 3
3579, 4
3580, 2
3581, 3
3582, 2
3583, 2
3584, 4
3585, 2
3586, 2
3587, 2
3588, 3
3589, 3
3590, 3
3591, 3
3592, 2
3593, 4
3594, 3
3595, 2
3596, 3
3597, 4
3598, 3
3599, 3
3600, 0
3601, 2
3602, 2
3603, 3
3604, 0
3605, 4
3606, 3
3607, 4
3608, 2
3609, 2
3610, 3
3611, 3
3612, 2
3613, 0
3614, 4
3615, 2
3616, 4
3617, 2
3618, 0
3619, 4
3620, 3
3621, 1
3623, 2
3624, 4
3625, 2
3626, 4
3627, 4
3628, 3
3629, 3
3630, 4
3631, 4
3632, 1
3633, 2
3634, 3
3635, 3
3636, 4
3637, 4
3638, 2
3639, 2
3640, 2
3641, 2
3642, 4
3643, 3
3644, 0
3645, 4
3646, 2
3647, 4
3648, 2
3649, 2
3650, 2
3651, 3
3653, 1
3654, 2
3656, 4
3658, 2
3659, 4
3660, 2
3661, 0
3662, 4
3663, 4
3664, 2
3665, 2
3666, 0
3667, 2
3668, 0
3669, 3
3670, 4
3671, 2
3672, 3
3673, 3
3674, 3
3675, 2
3676, 2
3677, 2
3678, 4
3679, 4
3680, 2
3681, 4
3682, 0
3683, 2
3684, 3
3685, 4
3686, 4
3687, 2
3688, 0
3689, 4
3690, 1
3691, 4
3692, 0
3693, 3
3694, 2
3695, 4
3696, 3
3697, 0
3698, 2
3699, 2
3700, 4
3701, 3
3702, 3
3703, 4
3704, 4
3705, 4
3706, 0
3707, 4
3708, 3
3709, 2
3710, 2
3712, 0
3713, 3
3714, 2
3715, 3
3716, 2
3717, 2
3719, 3
3720, 3
3721, 3
3722, 3
3723, 2
3724, 4
3725, 3
3726, 3
3727, 2
3728, 3
3729, 3
3730, 3
3731, 2
3732, 2
3733, 2
3734, 3
3735, 3
3736, 2
3737, 2
3738, 2
3739, 2
3740, 4
3741, 2
3742, 2
3743, 4
3744, 2
3746, 3
3747, 3
3748, 3
3749, 2
3750, 3
3751, 3
3752, 2
3753, 4
3754, 4
3755, 2
3756, 2
3757, 2
3758, 3
3759, 3
3760, 2
3761, 3
3762, 2
3764, 3
3765, 3
3766, 2
3767, 3
3768, 3
3769, 3
3770, 2
3771, 2
3772, 2
3773, 2
3774, 3
3775, 2
3776, 2
3777, 2
3778, 2
3779, 4
3780, 2
3781, 4
3783, 3
3784, 2
3785, 4
3786, 4
3787, 0
3788, 4
3789, 2
3790, 0
3791, 4
3792, 0
3793, 2
3794, 2
3795, 3
3797, 3
3798, 2
3799, 3
3800, 0
3801, 0
3802, 2
3803, 2
3804, 4
3805, 2
3806, 3
3807, 3
3808, 2
3809, 4
3810, 2
3811, 3
3812, 2
3813, 2
3814, 4
3815, 2
3816, 4
3817, 4
3818, 4
3820, 2
3821, 4
3822, 4
3823, 4
3824, 0
3825, 3
3826, 4
3827, 0
3829, 3
3830, 3
3831, 4
3832, 4
3833, 4
3834, 4
3835, 2
3836, 3
3837, 2
3838, 2
3839, 4
3840, 2
3841, 3
3842, 4
3843, 3
3844, 3
3845, 4
3846, 3
3847, 2
3848, 4
3849, 4
3850, 2
3851, 3
3852, 4
3853, 3
3854, 1
3855, 4
3856, 2
3857, 3
3858, 2
3859, 2
3861, 3
3862, 3
3863, 2
3864, 3
3865, 4
3866, 3
3867, 0
3868, 0
3870, 3
3871, 0
3872, 2
3873, 2
3874, 2
3875, 2
3876, 3
3877, 0
3879, 0
3880, 0
3881, 3
3882, 1
3883, 4
3884, 2
3885, 4
3886, 2
3887, 0
3888, 2
3889, 2
3890, 4
3891, 4
3892, 4
3893, 0
3894, 4
3896, 3
3897, 0
3898, 4
3899, 4
3900, 2
3901, 2
3902, 2
3903, 1
3905, 2
3906, 2
3907, 3
3908, 4
3909, 4
3910, 2
3911, 3
3912, 2
3913, 4
3914, 2
3915, 3
3916, 2
3917, 3
3918, 4
3919, 2
3920, 2
3921, 0
3922, 0
3923, 4
3924, 0
3925, 4
3926, 0
3927, 3
3928, 4
3929, 4
3930, 2
3931, 4
3932, 3
3933, 1
3934, 3
3935, 4
3936, 2
3937, 3
3938, 2
3939, 4
3940, 3
3941, 2
3942, 2
3943, 3
3944, 1
3945, 0
3946, 2
3947, 4
3948, 4
3949, 2
3951, 4
3952, 0
3953, 4
3954, 4
3955, 4
3956, 2
3957, 4
3958, 2
3959, 2
3960, 4
3961, 3
3962, 4
3963, 2
3964, 0
3965, 3
3966, 2
3967, 4
3968, 4
3969, 2
3970, 2
3971, 4
3972, 2
3973, 3
3974, 4
3975, 4
3976, 4
3977, 4
3978, 4
3979, 4
3980, 3
3981, 4
3982, 4
3983, 4
3986, 2
3987, 2
3988, 2
3989, 2
3990, 2
3991, 4
3992, 4
3993, 2
3994, 3
3995, 3
3996, 2
3997, 4
3998, 4
3999, 2
4000, 2
4001, 4
4002, 4
4003, 1
4004, 1
4005, 4
4006, 4
4007, 2
4008, 4
4009, 4
4010, 1
4011, 2
4012, 4
4013, 0
4014, 2
4015, 4
4016, 4
4017, 4
4018, 4
4019, 0
4020, 4
4021, 2
4022, 3
4023, 2
4024, 4
4025, 4
4026, 2
4027, 4
4029, 2
4030, 2
4031, 2
4032, 2
4033, 4
4034, 2
4035, 2
4036, 4
4037, 4
4039, 3
4040, 2
4041, 4
4042, 3
4043, 4
4044, 2
4045, 3
4046, 4
4047, 3
4048, 4
4049, 4
4050, 2
4051, 2
4052, 2
4053, 3
4054, 0
4055, 4
4056, 1
4057, 0
4058, 4
4059, 0
4060, 2
4061, 2
4062, 4
4063, 4
4064, 2
4065, 4
4066, 4
4067, 4
4068, 2
4069, 2
4070, 3
4071, 4
4072, 2
4073, 2
4074, 2
4075, 0
4076, 3
4077, 3
4078, 3
4079, 3
4080, 4
4081, 3
4082, 4
4083, 0
4084, 4
4085, 4
4086, 2
4087, 2
4088, 2
4089, 2
4090, 3
4091, 2
4092, 3
4093, 4
4094, 2
4095, 0
4096, 3
4097, 2
4098, 3
4099, 4
4101, 0
4102, 3
4103, 3
4105, 0
4106, 2
4107, 4
4108, 4
4109, 4
4110, 2
4111, 2
4112, 2
4113, 4
4114, 4
4115, 0
4116, 4
4118, 4
4119, 4
4120, 4
4121, 4
4122, 4
4123, 2
4124, 0
4126, 2
4127, 4
4128, 2
4129, 4
4130, 4
4131, 4
4132, 4
4133, 0
4135, 2
4136, 2
4137, 4
4138, 2
4139, 3
4140, 4
4141, 2
4142, 3
4143, 2
4144, 3
4145, 3
4146, 2
4147, 2
4148, 2
4151, 2
4152, 4
4153, 2
4154, 2
4155, 4
4156, 2
4157, 2
4158, 4
4159, 4
4160, 2
4161, 3
4163, 3
4164, 4
4165, 2
4166, 2
4167, 4
4168, 4
4169, 4
4170, 2
4171, 4
4172, 1
4173, 3
4174, 2
4175, 2
4176, 4
4177, 4
4178, 2
4179, 3
4180, 4
4181, 2
4182, 4
4183, 4
4184, 4
4185, 3
4186, 2
4187, 3
4188, 3
4189, 2
4190, 3
4191, 3
4192, 2
4194, 2
4195, 4
4196, 2
4197, 3
4198, 2
4199, 2
4200, 4
4201, 4
4202, 3
4203, 4
4204, 2
4205, 2
4206, 0
4208, 0
4209, 3
4210, 4
4211, 4
4212, 4
4213, 4
4214, 2
4215, 2
4216, 3
4217, 4
4218, 2
4219, 4
4220, 2
4221, 0
4222, 3
4223, 4
4224, 4
4225, 3
4226, 2
4227, 4
4228, 4
4229, 4
4230, 2
4231, 4
4232, 4
4233, 2
4234, 4
4235, 2
4236, 2
4237, 4
4238, 4
4239, 0
4240, 1
4241, 4
4242, 4
4243, 4
4244, 0
4245, 2
4246, 4
4248, 2
4249, 2
4250, 2
4251, 2
4252, 4
4253, 4
4254, 3
4255, 3
4256, 4
4257, 4
4259, 3
4260, 3
4261, 2
4262, 4
4263, 2
4264, 2
4265, 4
4266, 3
4267, 3
4268, 1
4269, 2
4270, 4
4271, 3
4272, 0
4273, 0
4274, 4
4275, 0
4276, 0
4277, 4
4278, 4
4279, 4
4280, 4
4281, 4
4282, 4
4283, 4
4284, 4
4285, 1
4286, 4
4287, 4
4288, 0
4289, 0
4290, 4
4291, 2
4292, 0
4293, 0
4294, 4
4295, 1
4296, 1
4297, 0
4299, 3
4300, 2
4301, 4
4302, 3
4303, 2
4304, 2
4305, 2
4306, 2
4307, 4
4308, 2
4309, 4
4310, 0
4311, 3
4312, 4
4313, 2
4315, 4
4316, 0
4317, 4
4318, 1
4319, 4
4320, 4
4321, 2
4322, 0
4323, 0
4324, 4
4325, 4
4326, 1
4327, 4
4328, 2
4329, 4
4330, 3
4331, 3
4333, 4
4334, 4
4335, 4
4336, 0
4337, 3
4338, 4
4339, 4
4340, 4
4341, 2
4342, 4
4343, 3
4344, 4
4345, 4
4346, 2
4347, 4
4348, 1
4349, 4
4350, 2
4351, 4
4352, 4
4353, 4
4354, 4
4355, 2
4356, 4
4357, 4
4358, 4
4359, 4
4360, 3
4361, 2
4362, 4
4363, 4
4364, 0
4365, 4
4366, 4
4367, 2
4368, 2
4369, 0
4370, 4
4371, 2
4372, 4
4373, 3
4374, 4
4375, 2
4376, 2
4377, 4
4379, 2
4380, 0
4381, 0
4382, 2
4383, 0
4384, 4
4385, 4
4386, 4
4387, 4
4388, 4
4389, 3
4390, 2
4391, 4
4392, 3
4393, 2
4394, 4
4395, 3
4396, 3
4397, 2
4398, 4
4399, 0
4402, 0
4403, 4
4404, 4
4405, 2
4406, 3
4407, 2
4408, 2
4409, 2
4410, 4
4411, 2
4412, 4
4413, 2
4414, 4
4416, 1
4417, 0
4418, 4
4419, 3
4420, 4
4421, 3
4422, 2
4423, 4
4424, 0
4425, 2
4426, 3
4427, 2
4428, 4
4429, 3
4430, 2
4431, 4
4432, 2
4433, 1
4434, 0
4435, 2
4436, 3
4437, 0
4438, 3
4439, 3
4440, 3
4441, 4
4443, 3
4444, 2
4445, 4
4446, 2
4447, 3
4448, 4
4449, 3
4450, 4
4451, 3
4452, 2
4453, 4
4454, 4
4455, 4
4456, 4
4457, 1
4458, 4
4459, 2
4460, 2
4461, 1
4462, 4
4463, 4
4464, 3
4465, 4
4466, 4
4467, 4
4468, 2
4469, 0
4470, 2
4471, 3
4472, 3
4473, 4
4474, 4
4475, 4
4476, 4
4477, 1
4479, 2
4480, 3
4481, 2
4482, 3
4483, 4
4484, 4
4485, 2
4486, 4
4487, 1
4488, 4
4489, 4
4490, 4
4491, 3
4492, 2
4493, 3
4494, 2
4495, 3
4496, 2
4497, 3
4498, 4
4499, 3
4500, 1
4501, 4
4502, 3
4503, 2
4504, 4
4505, 2
4506, 4
4507, 4
4508, 2
4509, 2
4510, 4
4511, 1
4512, 4
4513, 4
4514, 2
4515, 3
4516, 2
4517, 2
4518, 2
4519, 2
4520, 2
4521, 3
4522, 2
4523, 2
4524, 2
4525, 3
4526, 2
4527, 4
4528, 0
4529, 4
4530, 2
4531, 0
4532, 4
4533, 2
4534, 2
4535, 3
4536, 4
4537, 0
4538, 2
4539, 1
4540, 0
4541, 1
4542, 1
4543, 4
4544, 4
4545, 4
4546, 3
4547, 4
4548, 2
4549, 4
4550, 1
4551, 3
4552, 1
4553, 0
4554, 2
4555, 2
4556, 2
4557, 3
4558, 2
4559, 3
4560, 2
4561, 4
4562, 3
4563, 4
4564, 1
4565, 4
4566, 3
4567, 2
4568, 3
4569, 2
4570, 4
4571, 4
4572, 4
4573, 4
4574, 2
4575, 4
4576, 2
4577, 2
4578, 0
4579, 3
4580, 3
4581, 0
4582, 2
4583, 3
4584, 0
4585, 3
4586, 0
4587, 0
4588, 3
4589, 4
4590, 4
4591, 2
4592, 4
4593, 3
4594, 3
4595, 3
4597, 0
4598, 2
4599, 0
4600, 2
4601, 1
4602, 4
4603, 0
4604, 4
4605, 0
4606, 4
4607, 2
4608, 4
4609, 3
4610, 2
4611, 2
4612, 4
4613, 0
4614, 3
4615, 4
4616, 2
4617, 3
4618, 2
4619, 4
4620, 0
4621, 0
4622, 4
4623, 3
4624, 2
4625, 4
4626, 2
4627, 3
4628, 1
4629, 2
4630, 2
4631, 4
4632, 3
4633, 4
4634, 1
4635, 4
4636, 2
4637, 1
4638, 4
4639, 3
4640, 2
4641, 4
4642, 4
4643, 4
4644, 4
4645, 4
4646, 2
4647, 2
4648, 1
4649, 2
4650, 2
4651, 3
4652, 2
4653, 4
4654, 2
4655, 4
4656, 2
4657, 1
4658, 4
4659, 4
4660, 1
4661, 2
4662, 2
4663, 2
4664, 4
4665, 4
4666, 3
4667, 2
4668, 4
4669, 3
4670, 4
4671, 1
4672, 4
4673, 4
4674, 4
4675, 4
4676, 2
4677, 4
4679, 3
4680, 3
4681, 3
4682, 3
4683, 4
4684, 4
4685, 4
4686, 4
4687, 2
4688, 4
4689, 3
4690, 4
4691, 3
4692, 4
4693, 4
4694, 0
4695, 4
4696, 2
4697, 4
4698, 0
4699, 3
4700, 4
4701, 4
4702, 1
4703, 2
4704, 4
4705, 4
4706, 2
4707, 3
4708, 2
4709, 1
4710, 0
4711, 4
4712, 4
4713, 2
4714, 2
4715, 4
4716, 4
4717, 3
4718, 2
4719, 4
4720, 0
4721, 1
4722, 3
4723, 4
4724, 4
4725, 4
4726, 3
4727, 3
4729, 4
4730, 4
4731, 4
4732, 4
4733, 1
4734, 4
4735, 2
4736, 2
4737, 4
4738, 3
4739, 4
4740, 0
4741, 4
4742, 4
4743, 4
4744, 4
4745, 4
4746, 4
4747, 4
4748, 2
4749, 4
4750, 2
4751, 2
4753, 4
4754, 4
4755, 4
4756, 4
4757, 2
4758, 4
4759, 2
4760, 0
4761, 4
4762, 4
4763, 4
4764, 2
4765, 2
4767, 4
4768, 1
4769, 4
4770, 4
4771, 0
4772, 2
4773, 2
4774, 1
4775, 1
4776, 0
4777, 3
4778, 3
4779, 2
4780, 3
4781, 3
4782, 4
4783, 2
4784, 3
4785, 4
4786, 3
4787, 3
4788, 2
4789, 4
4790, 3
4791, 4
4793, 2
4794, 3
4795, 4
4796, 0
4798, 4
4799, 2
4800, 4
4801, 2
4802, 3
4803, 2
4804, 3
4805, 4
4806, 4
4807, 4
4808, 2
4809, 4
4810, 0
4811, 2
4812, 4
4813, 2
4814, 3
4815, 3
4816, 4
4817, 4
4818, 3
4819, 0
4820, 1
4821, 4
4822, 2
4823, 1
4824, 3
4825, 2
4826, 0
4827, 0
4828, 3
4829, 4
4830, 4
4831, 2
4832, 2
4833, 2
4834, 2
4835, 4
4836, 4
4837, 0
4838, 4
4839, 4
4840, 4
4841, 4
4842, 4
4843, 1
4844, 4
4845, 2
4846, 4
4847, 2
4848, 3
4849, 2
4850, 4
4851, 1
4852, 3
4853, 3
4854, 2
4855, 4
4856, 1
4857, 4
4858, 1
4859, 4
4860, 3
4861, 4
4862, 4
4863, 3
4864, 3
4865, 2
4866, 1
4867, 4
4868, 4
4869, 0
4870, 0
4871, 0
4872, 2
4873, 4
4874, 0
4875, 4
4876, 0
4877, 3
4878, 4
4879, 4
4880, 3
4881, 4
4882, 4
4883, 2
4884, 1
4885, 2
4886, 2
4887, 1
4888, 4
4889, 0
4890, 0
4891, 4
4893, 4
4894, 2
4895, 2
4896, 2
4897, 0
4898, 4
4899, 1
4900, 4
4901, 0
4902, 3
4903, 0
4904, 4
4905, 4
4906, 0
4907, 2
4908, 4
4909, 2
4910, 4
4911, 0
4912, 2
4913, 4
4914, 4
4915, 4
4916, 3
4917, 2
4918, 1
4919, 2
4920, 4
4921, 4
4922, 4
4923, 0
4924, 4
4925, 4
4926, 0
4927, 4
4928, 0
4929, 4
4930, 4
4931, 4
4932, 3
4933, 1
4934, 4
4935, 2
4936, 4
4937, 2
4938, 4
4939, 1
4940, 4
4941, 4
4942, 2
4943, 4
4944, 2
4945, 4
4946, 4
4947, 4
4948, 4
4949, 4
4950, 4
4951, 3
4952, 4
4953, 4
4954, 2
4955, 2
4956, 4
4957, 4
4958, 1
4959, 3
4960, 2
4961, 0
4962, 4
4963, 4
4964, 4
4965, 4
4966, 4
4967, 1
4968, 2
4969, 2
4970, 0
4971, 0
4972, 0
4973, 0
4974, 0
4975, 0
4976, 3
4977, 2
4978, 4
4979, 1
4981, 3
4982, 4
4983, 1
4984, 0
4985, 2
4986, 2
4987, 2
4988, 0
4989, 4
4990, 4
4992, 4
4993, 4
4994, 4
4995, 4
4996, 4
4997, 4
4998, 4
4999, 4
5000, 4
5001, 2
5002, 0
5003, 0
5004, 3
5005, 4
5006, 0
5007, 3
5008, 0
5009, 0
5010, 3
5011, 3
5012, 2
5013, 4
5014, 3
5016, 2
5017, 4
5018, 4
5019, 2
5020, 4
5021, 4
5022, 4
5023, 4
5024, 2
5025, 4
5026, 4
5027, 1
5028, 3
5029, 2
5030, 4
5031, 4
5032, 4
5033, 4
5034, 4
5035, 4
5036, 2
5037, 4
5038, 4
5039, 4
5040, 0
5041, 2
5042, 4
5043, 2
5044, 4
5046, 4
5047, 3
5048, 4
5049, 4
5050, 2
5051, 0
5052, 1
5053, 3
5054, 2
5055, 2
5056, 4
5057, 2
5058, 4
5059, 2
5060, 3
5061, 2
5062, 3
5063, 2
5064, 4
5065, 1
5066, 2
5067, 2
5069, 2
5070, 4
5071, 2
5072, 4
5073, 0
5074, 3
5075, 1
5076, 4
5077, 2
5078, 4
5079, 4
5080, 4
5081, 0
5082, 2
5083, 0
5084, 0
5085, 4
5086, 2
5087, 1
5088, 2
5089, 3
5090, 3
5091, 3
5092, 2
5093, 4
5094, 2
5095, 4
5096, 4
5097, 4
5098, 3
5099, 4
5100, 4
5101, 3
5102, 4
5103, 2
5104, 3
5105, 3
5106, 3
5107, 1
5108, 4
5109, 4
5110, 4
5111, 3
5113, 4
5114, 4
5115, 4
5116, 1
5117, 3
5118, 0
5119, 4
5120, 2
5121, 4
5122, 3
5123, 2
5124, 1
5125, 2
5126, 4
5127, 1
5128, 3
5129, 0
5130, 1
5131, 4
5132, 3
5133, 2
5134, 4
5135, 2
5136, 0
5137, 2
5138, 0
5139, 0
5140, 0
5141, 0
5142, 0
5143, 0
5144, 4
5145, 4
5146, 3
5147, 3
5148, 4
5150, 3
5151, 4
5152, 2
5153, 4
5154, 1
5155, 0
5156, 2
5157, 2
5158, 1
5159, 3
5160, 2
5161, 4
5162, 4
5163, 4
5164, 0
5165, 4
5166, 4
5167, 1
5168, 0
5169, 0
5170, 0
5171, 4
5173, 4
5174, 3
5175, 4
5176, 4
5177, 0
5178, 3
5179, 4
5180, 4
5181, 1
5182, 2
5183, 4
5184, 1
5185, 2
5186, 4
5187, 4
5188, 1
5189, 3
5190, 0
5191, 4
5194, 0
5195, 4
5196, 3
5197, 1
5198, 3
5199, 4
5200, 4
5201, 3
5202, 1
5203, 2
5204, 4
5205, 2
5206, 4
5207, 0
5208, 2
5209, 3
5210, 4
5211, 0
5212, 0
5213, 0
5214, 0
5215, 0
5216, 3
5217, 0
5218, 0
5219, 4
5220, 4
5221, 2
5222, 1
5223, 4
5224, 3
5225, 2
5226, 2
5227, 2
5228, 2
5229, 3
5230, 2
5231, 4
5232, 4
5233, 1
5234, 3
5235, 0
5236, 3
5237, 0
5238, 4
5239, 2
5240, 3
5241, 4
5242, 4
5243, 4
5244, 4
5245, 2
5247, 4
5248, 2
5249, 4
5250, 4
5251, 1
5252, 2
5253, 3
5254, 3
5255, 2
5256, 0
5257, 3
5258, 3
5259, 3
5260, 4
5261, 4
5262, 2
5263, 4
5264, 4
5265, 4
5266, 2
5267, 0
5269, 4
5270, 4
5271, 4
5272, 4
5273, 4
5274, 1
5275, 2
5276, 4
5277, 4
5278, 3
5279, 2
5280, 4
5281, 0
5282, 3
5283, 1
5284, 2
5285, 2
5286, 3
5287, 3
5288, 1
5289, 2
5290, 1
5291, 2
5292, 4
5293, 4
5294, 0
5296, 0
5297, 4
5299, 0
5300, 2
5301, 2
5302, 1
5303, 3
5304, 3
5305, 2
5306, 3
5308, 0
5309, 4
5310, 2
5311, 4
5312, 2
5313, 1
5314, 4
5315, 4
5316, 0
5317, 4
5318, 4
5319, 2
5320, 0
5321, 3
5322, 4
5323, 2
5324, 4
5325, 3
5326, 4
5327, 1
5328, 4
5329, 4
5331, 4
5332, 4
5333, 4
5334, 4
5335, 1
5336, 1
5337, 0
5338, 2
5339, 3
5340, 1
5341, 3
5342, 4
5343, 2
5344, 0
5346, 0
5347, 0
5348, 2
5349, 0
5350, 2
5351, 0
5352, 4
5353, 4
5354, 0
5355, 4
5356, 4
5357, 4
5358, 4
5359, 3
5360, 4
5361, 4
5362, 2
5363, 0
5364, 4
5365, 4
5366, 1
5367, 2
5368, 2
5369, 3
5370, 4
5371, 4
5372, 3
5373, 4
5374, 2
5375, 4
5376, 0
5377, 4
5378, 4
5379, 1
5380, 2
5381, 4
5382, 4
5383, 4
5384, 4
5385, 4
5386, 4
5387, 4
5388, 2
5389, 0
5390, 0
5391, 0
5392, 0
5393, 4
5394, 1
5396, 4
5397, 4
5398, 0
5399, 4
5400, 0
5401, 2
5402, 4
5403, 4
5405, 4
5406, 4
5407, 4
5408, 0
5409, 1
5410, 4
5411, 1
5412, 1
5413, 4
5414, 4
5415, 4
5416, 2
5417, 2
5418, 1
5419, 1
5420, 3
5421, 1
5422, 0
5424, 4
5425, 4
5426, 2
5427, 0
5428, 4
5429, 4
5430, 4
5432, 4
5433, 0
5434, 0
5435, 4
5436, 3
5437, 0
5438, 4
5439, 3
5440, 0
5441, 4
5442, 4
5443, 2
5444, 3
5445, 0
5446, 3
5447, 2
5448, 0
5449, 0
5450, 4
5451, 4
5452, 4
5453, 0
5454, 1
5455, 4
5456, 2
5457, 2
5458, 4
5460, 4
5461, 4
5462, 3
5463, 4
5464, 4
5465, 3
5466, 2
5467, 4
5468, 4
5469, 4
5470, 2
5471, 4
5472, 0
5473, 4
5474, 2
5475, 4
5476, 0
5477, 4
5478, 1
5479, 3
5480, 1
5481, 1
5482, 2
5483, 4
5485, 1
5486, 2
5487, 0
5488, 0
5489, 2
5490, 4
5491, 4
5492, 4
5493, 4
5494, 2
5495, 3
5496, 3
5497, 3
5498, 4
5499, 2
5500, 4
5501, 0
5502, 0
5503, 3
5504, 4
5505, 4
5506, 4
5507, 4
5508, 4
5509, 1
5510, 4
5511, 0
5512, 4
5513, 1
5514, 2
5515, 0
5516, 3
5517, 0
5518, 1
5519, 1
5520, 4
5521, 2
5522, 0
5523, 0
5524, 0
5525, 0
5526, 0
5527, 4
5528, 3
5529, 4
5530, 3
5531, 3
5532, 4
5533, 4
5534, 4
5535, 2
5536, 2
5537, 1
5538, 1
5539, 2
5540, 1
5541, 1
5542, 2
5543, 4
5544, 1
5545, 4
5546, 1
5547, 4
5549, 4
5550, 4
5551, 0
5552, 2
5553, 4
5554, 3
5555, 1
5556, 4
5557, 2
5558, 2
5559, 0
5560, 4
5561, 1
5562, 4
5563, 4
5564, 4
5565, 2
5566, 0
5567, 0
5568, 4
5569, 4
5570, 0
5571, 0
5572, 3
5573, 0
5574, 0
5575, 0
5576, 3
5577, 4
5578, 4
5579, 0
5580, 4
5581, 0
5582, 3
5583, 1
5584, 4
5586, 1
5587, 4
5588, 4
5590, 4
5591, 1
5592, 3
5593, 1
5594, 1
5595, 1
5596, 4
5597, 4
5598, 0
5599, 4
5600, 4
5601, 4
5602, 4
5603, 4
5605, 1
5606, 2
5607, 3
5608, 3
5609, 4
5610, 4
5611, 4
5613, 4
5614, 4
5615, 4
5616, 4
5617, 4
5618, 1
5619, 4
5620, 4
5621, 4
5622, 0
5623, 1
5624, 0
5625, 0
5626, 0
5627, 4
5629, 2
5630, 4
5631, 4
5632, 2
5633, 4
5634, 4
5635, 3
5636, 0
5637, 4
5638, 0
5639, 1
5640, 0
5641, 0
5642, 4
5643, 4
5644, 1
5645, 2
5646, 4
5647, 1
5648, 4
5649, 0
5650, 0
5651, 0
5652, 0
5653, 3
5654, 1
5655, 1
5656, 4
5657, 0
5658, 4
5659, 4
5660, 4
5661, 4
5662, 2
5663, 0
5664, 4
5665, 2
5666, 3
5667, 4
5668, 2
5669, 1
5670, 1
5671, 4
5672, 4
5673, 4
5674, 4
5675, 4
5676, 1
5678, 4
5679, 3
5680, 2
5681, 4
5682, 4
5683, 2
5684, 3
5685, 0
5686, 4
5687, 4
5688, 2
5689, 4
5690, 3
5691, 0
5692, 4
5693, 3
5694, 1
5695, 4
5696, 4
5697, 1
5698, 2
5699, 4
5700, 0
5701, 4
5702, 0
5703, 4
5704, 4
5705, 4
5706, 4
5707, 4
5708, 4
5709, 4
5710, 4
5711, 1
5712, 2
5713, 2
5714, 4
5715, 4
5716, 4
5717, 1
5718, 2
5719, 0
5721, 1
5722, 4
5723, 4
5724, 4
5725, 4
5726, 1
5727, 0
5728, 2
5729, 1
5730, 1
5731, 2
5732, 4
5733, 4
5734, 2
5735, 2
5736, 4
5737, 0
5738, 0
5739, 2
5740, 1
5741, 0
5742, 1
5744, 4
5746, 3
5747, 1
5748, 4
5749, 1
5750, 4
5751, 4
5752, 0
5753, 4
5754, 1
5755, 4
5756, 1
5757, 1
5758, 1
5759, 2
5760, 2
5761, 3
5762, 2
5763, 1
5764, 3
5765, 4
5766, 1
5767, 0
5768, 3
5769, 4
5770, 1
5771, 2
5772, 4
5773, 0
5774, 4
5775, 4
5776, 2
5777, 4
5778, 4
5779, 1
5780, 4
5781, 1
5782, 4
5783, 2
5784, 2
5785, 4
5786, 4
5787, 4
5788, 4
5789, 1
5790, 1
5792, 3
5793, 1
5794, 4
5795, 3
5796, 2
5797, 3
5798, 1
5799, 3
5800, 0
5801, 1
5802, 4
5803, 4
5804, 4
5805, 2
5806, 3
5807, 4
5808, 4
5809, 0
5810, 4
5811, 1
5812, 1
5813, 4
5814, 0
5815, 0
5816, 3
5817, 4
5818, 4
5819, 0
5820, 4
5821, 2
5822, 1
5824, 3
5825, 4
5826, 4
5827, 2
5828, 4
5829, 4
5830, 3
5831, 4
5832, 1
5833, 4
5834, 0
5835, 2
5836, 1
5837, 3
5838, 4
5839, 2
5840, 4
5841, 3
5842, 2
5843, 2
5844, 0
5845, 4
5846, 4
5847, 0
5848, 2
5849, 0
5850, 2
5851, 4
5853, 4
5854, 1
5855, 4
5856, 1
5857, 4
5858, 2
5859, 4
5860, 1
5861, 0
5862, 2
5863, 2
5864, 2
5865, 1
5866, 3
5867, 4
5868, 3
5869, 2
5870, 4
5871, 1
5872, 2
5873, 3
5875, 4
5876, 3
5877, 4
5878, 4
5879, 0
5880, 2
5881, 4
5882, 1
5883, 1
5884, 2
5885, 0
5886, 4
5887, 4
5888, 2
5889, 0
5890, 0
5891, 4
5892, 0
5893, 0
5894, 1
5895, 4
5896, 4
5897, 4
5898, 3
5899, 2
5900, 0
5901, 1
5902, 0
5903, 0
5904, 4
5905, 4
5906, 1
5907, 4
5908, 0
5909, 3
5910, 4
5911, 2
5912, 2
5913, 2
5914, 0
5915, 1
5916, 0
5917, 4
5918, 0
5919, 0
5920, 0
5921, 0
5922, 0
5923, 0
5924, 0
5925, 2
5926, 4
5927, 3
5928, 0
5930, 3
5931, 0
5932, 2
5933, 0
5934, 4
5935, 4
5936, 4
5937, 2
5938, 4
5939, 1
5940, 0
5941, 1
5943, 4
5944, 4
5945, 4
5946, 0
5947, 4
5948, 2
5949, 1
5950, 4
5951, 4
5952, 2
5953, 1
5954, 3
5955, 4
5956, 4
5957, 1
5958, 2
5959, 4
5960, 4
5961, 3
5962, 4
5963, 4
5964, 4
5965, 4
5966, 1
5967, 4
5968, 0
5969, 3
5970, 4
5971, 0
5972, 4
5973, 4
5974, 0
5975, 4
5976, 2
5977, 4
5978, 0
5979, 4
5980, 4
5981, 4
5982, 3
5983, 4
5984, 1
5985, 2
5986, 4
5987, 0
5988, 4
5989, 0
5990, 4
5991, 4
5992, 4
5993, 4
5994, 2
5995, 1
5996, 4
5997, 1
5998, 3
5999, 3
6000, 2
6001, 1
6002, 3
6003, 4
6004, 4
6005, 4
6006, 3
6007, 4
6008, 4
6009, 0
6010, 4
6011, 2
6012, 1
6013, 4
6014, 0
6015, 4
6016, 3
6017, 3
6018, 3
6020, 2
6021, 4
6022, 0
6023, 4
6024, 4
6025, 1
6026, 4
6027, 3
6028, 4
6029, 1
6030, 1
6031, 1
6032, 3
6033, 3
6035, 2
6036, 1
6037, 0
6038, 4
6039, 2
6040, 0
6041, 0
6042, 0
6043, 1
6044, 2
6045, 4
6046, 0
6047, 4
6048, 1
6049, 4
6050, 3
6051, 0
6052, 3
6053, 4
6054, 1
6055, 2
6056, 3
6057, 4
6058, 4
6059, 0
6060, 2
6061, 1
6062, 4
6063, 4
6064, 3
6065, 0
6066, 3
6067, 2
6068, 1
6069, 0
6070, 4
6071, 0
6072, 0
6073, 4
6074, 3
6075, 4
6076, 4
6077, 4
6079, 1
6080, 2
6081, 1
6082, 1
6083, 4
6084, 1
6085, 4
6086, 4
6087, 1
6088, 4
6089, 4
6090, 4
6091, 1
6094, 0
6095, 4
6096, 1
6097, 4
6098, 3
6099, 4
6100, 2
6101, 4
6102, 1
6103, 4
6104, 1
6105, 2
6106, 0
6107, 3
6108, 4
6109, 0
6111, 3
6112, 1
6113, 4
6114, 1
6115, 4
6116, 0
6117, 1
6118, 1
6119, 4
6120, 4
6121, 3
6122, 2
6123, 0
6124, 4
6125, 3
6126, 2
6127, 4
6128, 2
6129, 2
6130, 4
6131, 4
6132, 3
6133, 2
6134, 1
6135, 4
6136, 1
6137, 4
6138, 1
6139, 4
6140, 2
6141, 4
6142, 3
6143, 4
6144, 0
6145, 0
6146, 4
6147, 0
6148, 1
6149, 4
6150, 4
6151, 3
6152, 3
6153, 1
6154, 4
6155, 0
6156, 4
6157, 2
6158, 4
6159, 4
6160, 2
6161, 2
6162, 4
6163, 2
6164, 4
6165, 4
6166, 4
6167, 0
6168, 4
6169, 0
6170, 4
6171, 2
6172, 4
6173, 1
6174, 3
6175, 4
6176, 1
6177, 0
6178, 4
6179, 1
6180, 2
6181, 3
6182, 4
6183, 4
6184, 0
6185, 1
6186, 1
6187, 1
6188, 2
6189, 3
6191, 4
6192, 0
6193, 0
6194, 0
6195, 3
6196, 0
6197, 2
6198, 4
6199, 1
6200, 1
6201, 1
6202, 1
6203, 4
6204, 4
6205, 4
6206, 1
6207, 1
6208, 4
6209, 0
6210, 4
6211, 4
6212, 4
6213, 0
6214, 1
6215, 4
6216, 0
6218, 0
6219, 0
6220, 0
6221, 2
6222, 4
6223, 4
6224, 1
6225, 4
6227, 4
6228, 4
6229, 2
6230, 0
6231, 4
6232, 4
6233, 0
6234, 3
6235, 4
6236, 1
6237, 0
6238, 0
6239, 0
6240, 2
6241, 1
6242, 4
6243, 1
6244, 4
6245, 4
6247, 0
6248, 1
6249, 2
6250, 0
6251, 1
6252, 1
6253, 1
6254, 1
6255, 1
6256, 0
6257, 4
6258, 3
6259, 4
6260, 0
6261, 2
6264, 0
6265, 4
6266, 1
6267, 1
6268, 2
6269, 2
6271, 1
6272, 2
6273, 3
6274, 2
6275, 1
6276, 4
6277, 0
6278, 3
6279, 4
6280, 4
6281, 4
6282, 3
6283, 3
6284, 4
6285, 0
6286, 3
6287, 1
6288, 4
6289, 4
6290, 1
6291, 2
6292, 1
6293, 1
6294, 4
6295, 4
6296, 2
6297, 4
6298, 4
6299, 1
6300, 0
6301, 2
6302, 1
6303, 2
6304, 2
6305, 4
6306, 3
6307, 4
6308, 1
6309, 2
6311, 3
6312, 4
6313, 4
6314, 2
6315, 3
6316, 1
6317, 4
6318, 1
6319, 3
6320, 4
6321, 0
6322, 4
6323, 1
6324, 0
6325, 4
6326, 1
6327, 1
6328, 1
6329, 1
6330, 4
6331, 1
6332, 0
6333, 4
6334, 4
6335, 1
6336, 4
6337, 3
6338, 2
6339, 0
6340, 3
6341, 4
6342, 4
6343, 2
6344, 4
6345, 0
6346, 2
6347, 4
6348, 3
6349, 0
6350, 0
6351, 4
6352, 4
6354, 0
6355, 0
6356, 0
6357, 0
6358, 2
6359, 3
6360, 4
6361, 4
6362, 4
6363, 0
6365, 4
6366, 0
6367, 4
6368, 0
6369, 1
6370, 0
6371, 4
6372, 0
6373, 3
6374, 3
6375, 4
6376, 1
6377, 4
6378, 0
6379, 3
6380, 1
6381, 1
6382, 4
6383, 0
6384, 0
6385, 4
6386, 0
6387, 0
6389, 1
6390, 1
6391, 4
6392, 1
6393, 4
6394, 4
6396, 4
6397, 1
6398, 4
6399, 1
6400, 2
6401, 1
6402, 4
6403, 1
6404, 0
6405, 4
6407, 1
6408, 1
6409, 0
6410, 4
6411, 2
6412, 4
6413, 0
6414, 0
6415, 1
6416, 0
6417, 4
6418, 2
6419, 2
6420, 4
6421, 0
6422, 2
6423, 4
6424, 0
6425, 2
6426, 1
6427, 4
6428, 4
6429, 0
6430, 4
6431, 1
6432, 4
6433, 1
6434, 2
6435, 1
6436, 4
6437, 4
6438, 0
6440, 1
6442, 2
6443, 4
6444, 1
6445, 1
6446, 1
6447, 4
6448, 4
6449, 1
6450, 4
6451, 4
6452, 4
6453, 4
6454, 1
6455, 4
6456, 3
6457, 2
6458, 0
6459, 4
6460, 1
6461, 3
6462, 4
6463, 2
6464, 0
6465, 4
6466, 0
6467, 0
6468, 4
6469, 4
6470, 4
6471, 2
6472, 1
6473, 4
6474, 4
6475, 4
6476, 4
6478, 0
6479, 4
6480, 4
6481, 1
6482, 1
6483, 1
6484, 1
6485, 0
6486, 2
6487, 4
6488, 0
6489, 1
6490, 0
6491, 0
6492, 0
6493, 4
6494, 4
6495, 2
6496, 4
6497, 0
6498, 0
6499, 4
6500, 1
6501, 0
6502, 0
6503, 4
6504, 0
6505, 0
6506, 4
6507, 0
6508, 1
6509, 4
6510, 3
6511, 4
6512, 4
6513, 4
6514, 4
6515, 4
6516, 0
6517, 0
6518, 4
6519, 4
6520, 1
6521, 1
6522, 4
6523, 4
6524, 4
6525, 4
6526, 4
6527, 0
6528, 4
6529, 3
6530, 4
6531, 4
6532, 4
6533, 0
6534, 0
6535, 4
6536, 0
6537, 1
6538, 1
6539, 3
6540, 0
6541, 0
6542, 1
6543, 4
6544, 2
6545, 4
6546, 0
6547, 4
6548, 4
6549, 4
6550, 4
6551, 1
6552, 1
6553, 2
6554, 1
6555, 4
6556, 4
6557, 4
6558, 4
6559, 4
6560, 4
6561, 4
6562, 4
6563, 0
6564, 4
6565, 1
6566, 2
6567, 0
6568, 4
6569, 1
6570, 4
6571, 0
6572, 2
6573, 4
6574, 2
6575, 4
6576, 4
6577, 2
6578, 0
6579, 1
6580, 4
6581, 0
6582, 0
6583, 4
6584, 4
6585, 2
6586, 4
6587, 0
6588, 2
6589, 4
6590, 0
6591, 4
6592, 1
6593, 0
6594, 4
6595, 1
6596, 1
6597, 0
6598, 1
6599, 4
6600, 1
6601, 4
6602, 4
6603, 4
6604, 0
6605, 0
6606, 4
6607, 0
6608, 0
6609, 4
6610, 0
6611, 2
6612, 4
6613, 2
6615, 4
6616, 0
6617, 0
6618, 4
6619, 4
6620, 1
6621, 3
6622, 0
6623, 0
6624, 1
6625, 4
6626, 1
6627, 1
6628, 4
6629, 1
6630, 2
6631, 4
6632, 4
6633, 2
6634, 4
6635, 1
6636, 4
6637, 3
6638, 1
6639, 0
6640, 0
6641, 4
6642, 1
6643, 1
6644, 1
6645, 2
6646, 1
6647, 4
6648, 4
6650, 3
6651, 4
6652, 0
6653, 0
6654, 4
6655, 0
6656, 3
6657, 0
6658, 0
6659, 4
6660, 2
6661, 4
6662, 0
6663, 2
6664, 0
6665, 1
6666, 2
6667, 4
6668, 4
6669, 4
6670, 2
6671, 2
6672, 1
6673, 1
6674, 0
6675, 1
6676, 1
6677, 1
6678, 3
6679, 4
6680, 2
6681, 2
6682, 2
6683, 4
6684, 4
6685, 1
6686, 0
6687, 0
6688, 1
6689, 0
6690, 2
6691, 0
6692, 0
6693, 0
6694, 1
6695, 1
6696, 2
6697, 1
6699, 0
6700, 0
6701, 1
6702, 2
6703, 4
6704, 4
6705, 4
6706, 0
6707, 4
6708, 3
6709, 0
6710, 0
6711, 0
6712, 4
6713, 4
6714, 3
6715, 0
6717, 0
6718, 4
6719, 1
6720, 0
6721, 3
6722, 1
6723, 0
6724, 0
6725, 4
6726, 4
6727, 0
6729, 2
6730, 4
6731, 4
6732, 0
6733, 4
6734, 0
6735, 4
6736, 0
6737, 4
6738, 2
6739, 2
6740, 1
6741, 4
6742, 0
6743, 0
6744, 1
6745, 1
6746, 1
6747, 4
6748, 1
6749, 2
6750, 3
6751, 2
6752, 2
6753, 1
6754, 4
6755, 0
6756, 1
6757, 1
6758, 3
6759, 0
6760, 0
6761, 0
6762, 3
6763, 4
6764, 2
6765, 4
6766, 2
6767, 0
6768, 4
6769, 0
6770, 2
6771, 1
6772, 4
6773, 4
6774, 0
6775, 4
6776, 4
6777, 4
6778, 0
6779, 4
6780, 2
6781, 0
6782, 2
6783, 0
6784, 0
6785, 4
6786, 0
6787, 1
6788, 0
6791, 0
6792, 0
6793, 0
6794, 0
6795, 3
6796, 0
6797, 1
6798, 2
6799, 2
6800, 1
6801, 0
6802, 4
6803, 2
6804, 4
6805, 0
6806, 1
6807, 0
6808, 3
6809, 0
6810, 4
6811, 1
6813, 1
6815, 1
6816, 0
6817, 1
6818, 4
6819, 4
6820, 1
6821, 1
6822, 2
6823, 1
6824, 0
6825, 4
6826, 0
6827, 1
6828, 3
6830, 4
6831, 4
6832, 0
6834, 4
6835, 4
6836, 1
6838, 1
6839, 4
6840, 4
6841, 0
6842, 4
6843, 0
6844, 0
6845, 4
6846, 0
6847, 3
6848, 0
6849, 4
6851, 1
6852, 1
6853, 2
6854, 3
6855, 4
6856, 1
6857, 2
6858, 4
6859, 4
6860, 1
6861, 4
6862, 4
6863, 2
6864, 1
6865, 1
6866, 1
6867, 1
6868, 4
6869, 1
6870, 2
6871, 0
6872, 0
6873, 4
6874, 0
6875, 1
6876, 2
6877, 0
6878, 1
6879, 0
6880, 4
6881, 2
6882, 4
6883, 1
6884, 1
6885, 2
6886, 0
6888, 0
6889, 4
6890, 0
6891, 0
6892, 0
6893, 0
6894, 4
6895, 4
6896, 0
6897, 4
6898, 3
6899, 1
6900, 1
6901, 1
6902, 0
6903, 4
6904, 4
6905, 0
6906, 1
6907, 1
6908, 1
6909, 0
6910, 1
6911, 0
6912, 1
6913, 4
6914, 4
6916, 1
6917, 3
6918, 1
6919, 4
6920, 0
6921, 2
6922, 1
6923, 4
6924, 0
6925, 4
6926, 3
6927, 0
6928, 0
6929, 3
6930, 0
6931, 4
6932, 2
6933, 0
6934, 2
6935, 4
6937, 1
6938, 4
6939, 4
6940, 0
6941, 1
6942, 1
6943, 4
6944, 1
6945, 4
6946, 2
6947, 4
6948, 1
6949, 4
6950, 3
6951, 2
6952, 4
6953, 3
6954, 1
6955, 4
6956, 1
6957, 1
6958, 4
6959, 0
6960, 4
6961, 4
6962, 0
6963, 0
6964, 0
6965, 0
6966, 0
6967, 1
6969, 0
6970, 2
6971, 1
6972, 0
6973, 4
6974, 4
6975, 1
6977, 4
6978, 4
6979, 1
6980, 1
6981, 0
6982, 0
6983, 0
6984, 4
6985, 4
6986, 4
6987, 0
6988, 0
6989, 4
6990, 0
6991, 4
6992, 0
6993, 4
6994, 4
6995, 1
6996, 4
6997, 1
6998, 0
6999, 4
7000, 4
7001, 3
7002, 2
7003, 0
7004, 2
7005, 4
7006, 1
7007, 4
7008, 2
7009, 1
7010, 2
7011, 4
7012, 4
7013, 3
7014, 0
7015, 0
7016, 3
7017, 0
7018, 4
7019, 0
7020, 1
7021, 2
7022, 0
7023, 0
7024, 4
7025, 4
7026, 0
7027, 0
7028, 0
7029, 1
7030, 2
7031, 0
7032, 1
7033, 0
7034, 0
7035, 0
7036, 2
7037, 0
7038, 0
7039, 2
7040, 2
7041, 1
7042, 4
7043, 4
7044, 0
7045, 2
7046, 4
7047, 1
7048, 4
7049, 0
7050, 4
7051, 2
7052, 4
7053, 1
7054, 4
7055, 4
7057, 0
7058, 2
7059, 4
7060, 1
7061, 2
7062, 1
7063, 4
7064, 1
7065, 2
7066, 1
7067, 4
7068, 1
7069, 1
7070, 0
7071, 3
7072, 1
7073, 0
7074, 0
7075, 4
7076, 1
7077, 1
7078, 0
7079, 4
7080, 1
7082, 1
7083, 4
7084, 4
7085, 0
7086, 0
7087, 4
7088, 4
7089, 1
7090, 1
7091, 4
7093, 1
7094, 0
7095, 0
7096, 0
7097, 2
7098, 0
7099, 1
7100, 2
7101, 0
7102, 0
7103, 0
7104, 4
7105, 1
7106, 0
7107, 0
7108, 4
7109, 0
7110, 0
7111, 0
7112, 0
7113, 1
7114, 4
7115, 0
7116, 4
7117, 0
7118, 4
7119, 0
7120, 0
7121, 1
7122, 2
7123, 4
7124, 1
7125, 1
7126, 4
7127, 2
7128, 1
7129, 0
7130, 1
7131, 1
7132, 0
7133, 1
7134, 1
7135, 0
7136, 4
7137, 4
7138, 1
7139, 2
7140, 4
7141, 2
7142, 0
7143, 2
7144, 4
7146, 1
7147, 4
7148, 3
7149, 0
7150, 2
7151, 0
7152, 0
7153, 4
7154, 1
7155, 1
7157, 0
7158, 4
7159, 4
7160, 4
7161, 1
7162, 4
7163, 4
7164, 0
7165, 1
7166, 0
7167, 1
7168, 4
7169, 4
7170, 1
7171, 2
7172, 4
7173, 0
7174, 4
7175, 1
7177, 2
7178, 3
7179, 0
7181, 4
7182, 0
7183, 1
7184, 0
7186, 1
7187, 1
7188, 1
7189, 1
7190, 4
7191, 4
7192, 0
7193, 4
7194, 4
7195, 3
7196, 4
7197, 0
7198, 0
7199, 1
7200, 0
7201, 1
7202, 4
7203, 0
7204, 1
7205, 0
7206, 4
7207, 4
7208, 0
7209, 4
7210, 4
7212, 1
7213, 4
7214, 4
7215, 0
7216, 4
7217, 4
7218, 4
7219, 1
7220, 4
7221, 1
7223, 0
7225, 0
7226, 0
7227, 0
7228, 1
7229, 0
7230, 0
7231, 0
7232, 0
7233, 0
7234, 0
7235, 4
7236, 0
7237, 4
7238, 1
7239, 4
7240, 3
7241, 1
7242, 0
7243, 1
7244, 0
7245, 4
7246, 1
7247, 1
7249, 2
7250, 0
7251, 1
7252, 1
7253, 1
7254, 0
7255, 4
7256, 0
7257, 2
7258, 0
7259, 4
7260, 1
7261, 1
7262, 3
7263, 4
7264, 1
7265, 4
7266, 0
7268, 4
7269, 0
7270, 4
7271, 1
7272, 4
7273, 4
7274, 3
7275, 0
7276, 2
7277, 2
7279, 0
7280, 1
7281, 4
7282, 1
7283, 0
7284, 0
7285, 1
7286, 1
7287, 0
7288, 4
7289, 3
7290, 4
7291, 4
7292, 0
7293, 4
7294, 1
7295, 4
7296, 1
7297, 1
7298, 4
7299, 1
7300, 0
7301, 1
7302, 3
7303, 2
7304, 4
7305, 0
7306, 4
7307, 4
7308, 4
7309, 1
7310, 1
7311, 1
7312, 0
7313, 0
7314, 0
7315, 1
7316, 0
7317, 0
7318, 4
7319, 1
7320, 0
7321, 1
7322, 0
7323, 1
7324, 1
7325, 0
7326, 0
7327, 1
7328, 4
7329, 1
7330, 2
7331, 0
7332, 1
7333, 1
7334, 1
7335, 0
7336, 0
7337, 0
7338, 1
7339, 3
7340, 2
7341, 1
7342, 4
7343, 0
7344, 4
7346, 2
7347, 1
7348, 3
7349, 4
7350, 1
7351, 1
7352, 1
7353, 1
7354, 0
7355, 1
7356, 0
7357, 1
7358, 1
7359, 4
7360, 4
7361, 2
7362, 4
7363, 4
7364, 0
7365, 1
7366, 1
7367, 1
7368, 4
7369, 1
7370, 4
7371, 2
7372, 3
7373, 4
7374, 1
7375, 1
7376, 0
7377, 0
7378, 4
7379, 1
7380, 1
7381, 4
7384, 4
7385, 0
7386, 0
7387, 0
7388, 4
7389, 0
7390, 1
7391, 4
7392, 0
7393, 0
7394, 1
7395, 1
7396, 0
7397, 0
7398, 0
7399, 0
7401, 4
7402, 0
7403, 4
7404, 1
7405, 1
7406, 1
7407, 0
7408, 1
7409, 1
7410, 3
7411, 0
7412, 4
7413, 0
7414, 1
7415, 1
7416, 4
7417, 1
7418, 0
7419, 0
7420, 1
7421, 1
7422, 2
7423, 0
7424, 4
7425, 2
7426, 0
7427, 0
7428, 4
7429, 0
7430, 1
7431, 4
7432, 4
7433, 4
7434, 1
7435, 1
7436, 4
7437, 0
7438, 0
7439, 1
7440, 4
7441, 0
7442, 0
7443, 4
7444, 4
7445, 1
7447, 4
7448, 1
7449, 1
7450, 0
7451, 4
7452, 2
7453, 0
7454, 0
7455, 0
7456, 0
7457, 0
7458, 0
7459, 0
7461, 0
7462, 1
7464, 1
7465, 4
7466, 1
7467, 1
7468, 0
7469, 3
7470, 1
7471, 1
7472, 0
7473, 4
7474, 0
7475, 0
7476, 0
7477, 1
7478, 4
7480, 0
7481, 0
7482, 1
7483, 1
7484, 1
7485, 0
7486, 0
7487, 0
7488, 4
7489, 3
7490, 4
7491, 1
7492, 0
7493, 0
7494, 4
7495, 4
7496, 0
7497, 0
7498, 0
7499, 4
7500, 1
7501, 0
7503, 1
7504, 4
7505, 3
7506, 0
7507, 4
7508, 0
7509, 0
7510, 1
7511, 1
7512, 1
7513, 4
7514, 0
7515, 1
7516, 0
7517, 1
7518, 0
7519, 1
7520, 4
7521, 0
7522, 1
7523, 1
7524, 2
7525, 1
7526, 0
7527, 4
7528, 4
7529, 1
7530, 1
7531, 0
7532, 1
7533, 1
7534, 0
7535, 0
7536, 1
7537, 4
7538, 1
7539, 0
7540, 0
7541, 1
7542, 0
7543, 1
7544, 2
7545, 0
7546, 4
7547, 0
7548, 4
7549, 0
7550, 0
7551, 1
7552, 1
7553, 1
7554, 1
7555, 4
7556, 1
7557, 1
7558, 1
7559, 1
7560, 0
7561, 1
7562, 1
7563, 1
7564, 1
7565, 1
7566, 1
7568, 4
7569, 1
7570, 0
7571, 1
7572, 1
7573, 2
7574, 4
7575, 1
7576, 4
7577, 0
7578, 4
7579, 0
7580, 1
7581, 3
7582, 1
7584, 0
7585, 1
7586, 1
7587, 2
7588, 1
7589, 1
7590, 0
7591, 0
7592, 0
7593, 1
7594, 0
7595, 1
7596, 1
7597, 0
7598, 1
7599, 1
7602, 0
7603, 1
7604, 1
7605, 1
7606, 0
7607, 1
7608, 2
7609, 0
7610, 4
7611, 0
7612, 1
7613, 4
7614, 4
7615, 1
7616, 0
7617, 1
7618, 4
7619, 4
7620, 2
7621, 0
7622, 1
7623, 0
7624, 0
7625, 0
7626, 4
7628, 1
7629, 4
7630, 4
7631, 4
7634, 1
7635, 0
7636, 0
7637, 4
7638, 4
7639, 1
7640, 4
7641, 0
7642, 1
7643, 0
7644, 2
7645, 0
7646, 4
7647, 1
7648, 1
7649, 1
7650, 1
7651, 1
7652, 1
7653, 0
7654, 1
7655, 1
7657, 0
7658, 1
7659, 1
7660, 0
7661, 0
7662, 1
7663, 2
7664, 1
7665, 1
7666, 1
7667, 4
7668, 1
7669, 1
7670, 1
7671, 4
7672, 0
7673, 0
7674, 0
7675, 1
7676, 0
7677, 0
7678, 1
7679, 1
7680, 1
7681, 0
7682, 1
7683, 1
7684, 1
7685, 0
7686, 4
7688, 0
7689, 0
7690, 3
7691, 1
7692, 1
7693, 3
7694, 0
7695, 1
7696, 0
7697, 0
7698, 4
7699, 4
7700, 1
7701, 4
7702, 0
7703, 1
7704, 4
7705, 0
7706, 4
7707, 1
7708, 1
7709, 1
7710, 1
7712, 1
7713, 1
7714, 0
7715, 1
7716, 2
7717, 0
7718, 0
7719, 1
7720, 1
7721, 1
7722, 1
7723, 4
7724, 0
7725, 4
7726, 1
7728, 1
7729, 0
7731, 0
7732, 4
7733, 1
7735, 1
7736, 1
7737, 1
7738, 1
7739, 1
7740, 0
7741, 4
7742, 1
7743, 1
7744, 4
7745, 1
7746, 0
7747, 4
7748, 4
7749, 0
7750, 1
7751, 0
7752, 1
7753, 1
7754, 0
7755, 0
7756, 1
7757, 4
7758, 1
7759, 1
7760, 4
7761, 1
7762, 1
7763, 0
7764, 1
7767, 0
7768, 1
7769, 0
7770, 0
7771, 1
7772, 1
7773, 4
7774, 0
7775, 1
7776, 0
7777, 4
7778, 0
7779, 1
7780, 4
7781, 4
7782, 1
7783, 1
7784, 0
7785, 4
7786, 0
7787, 1
7788, 1
7789, 1
7790, 0
7791, 3
7792, 0
7793, 3
7794, 3
7795, 1
7796, 4
7797, 1
7798, 1
7799, 1
7800, 1
7801, 3
7802, 0
7803, 0
7804, 0
7805, 0
7806, 0
7807, 1
7808, 1
7809, 1
7810, 0
7811, 3
7812, 0
7813, 1
7814, 2
7815, 1
7816, 4
7818, 0
7819, 0
7820, 1
7821, 0
7822, 1
7823, 4
7824, 1
7825, 0
7826, 0
7827, 0
7828, 1
7829, 1
7830, 1
7831, 1
7832, 4
7833, 1
7834, 0
7835, 0
7836, 0
7837, 1
7838, 4
7839, 1
7840, 1
7841, 1
7842, 1
7843, 3
7844, 1
7845, 0
7846, 0
7847, 1
7848, 1
7849, 1
7850, 1
7851, 0
7852, 4
7853, 1
7854, 0
7855, 1
7856, 0
7857, 1
7858, 1
7859, 1
7860, 1
7861, 0
7862, 0
7863, 1
7864, 1
7865, 1
7866, 1
7867, 0
7868, 1
7869, 0
7870, 0
7871, 4
7872, 1
7873, 0
7874, 0
7875, 1
7877, 0
7878, 0
7879, 1
7880, 0
7881, 1
7882, 1
7883, 1
7884, 0
7885, 4
7886, 0
7887, 0
7888, 0
7889, 4
7890, 4
7892, 3
7893, 1
7894, 1
7895, 0
7896, 1
7897, 1
7898, 1
7899, 1
7900, 0
7901, 1
7902, 0
7903, 1
7904, 1
7905, 2
7906, 0
7907, 4
7908, 0
7909, 4
7910, 0
7911, 4
7913, 1
7914, 4
7915, 4
7916, 1
7917, 1
7918, 1
7919, 1
7920, 4
7921, 0
7922, 1
7923, 1
7924, 1
7925, 1
7926, 0
7927, 0
7928, 1
7930, 1
7931, 0
7933, 0
7934, 3
7935, 4
7936, 0
7937, 0
7938, 1
7939, 1
7940, 1
7941, 0
7942, 1
7943, 1
7944, 4
7945, 1
7946, 0
7947, 0
7949, 1
7950, 4
7951, 1
7952, 1
7954, 2
7955, 1
7956, 1
7957, 1
7958, 4
7959, 0
7960, 1
7962, 1
7963, 0
7964, 1
7965, 1
7966, 1
7967, 0
7968, 1
7969, 0
7971, 1
7972, 1
7973, 1
7974, 1
7975, 1
7976, 1
7977, 4
7978, 1
7979, 1
7980, 1
7981, 0
7982, 1
7983, 4
7984, 1
7985, 1
7986, 4
7987, 1
7988, 1
7989, 1
7990, 4
7991, 1
7992, 1
7994, 1
7995, 1
7996, 1
7997, 1
7998, 1
7999, 1
